#depth	O	O+	O+2	O+3	O+4	O+5	O+6	O+7	O+8	O[1]	O[2]	O[3]
 6.17135e+19	5.74e-15	7.09e-10	4.42e-06	1.51e-03	3.29e-02	1.44e-01	7.46e-01	7.44e-02	1.49e-03	5.74e-15	5.27e-20	6.14e-20
 1.87609e+20	7.60e-15	9.47e-10	5.77e-06	1.87e-03	3.77e-02	1.57e-01	7.35e-01	6.65e-02	1.21e-03	7.60e-15	6.42e-20	7.48e-20
 3.12995e+20	1.01e-14	1.27e-09	7.54e-06	2.31e-03	4.32e-02	1.72e-01	7.22e-01	5.94e-02	9.82e-04	1.01e-14	8.08e-20	9.42e-20
 4.34564e+20	1.33e-14	1.69e-09	9.69e-06	2.81e-03	4.88e-02	1.86e-01	7.08e-01	5.34e-02	8.09e-04	1.33e-14	1.02e-19	1.18e-19
 5.27656e+20	1.65e-14	2.08e-09	1.17e-05	3.24e-03	5.33e-02	1.97e-01	6.97e-01	4.93e-02	7.00e-04	1.65e-14	1.20e-19	1.40e-19
 5.79382e+20	1.85e-14	2.34e-09	1.29e-05	3.49e-03	5.58e-02	2.02e-01	6.91e-01	4.72e-02	6.48e-04	1.85e-14	1.33e-19	1.55e-19
 6.23078e+20	2.04e-14	2.58e-09	1.40e-05	3.72e-03	5.80e-02	2.07e-01	6.85e-01	4.55e-02	6.07e-04	2.04e-14	1.45e-19	1.70e-19
 6.79884e+20	2.32e-14	2.92e-09	1.57e-05	4.04e-03	6.10e-02	2.13e-01	6.78e-01	4.34e-02	5.57e-04	2.32e-14	1.62e-19	1.89e-19
 7.53731e+20	2.74e-14	3.44e-09	1.80e-05	4.49e-03	6.50e-02	2.21e-01	6.68e-01	4.08e-02	5.00e-04	2.74e-14	1.86e-19	2.18e-19
 8.33336e+20	3.27e-14	4.09e-09	2.09e-05	5.00e-03	6.93e-02	2.29e-01	6.58e-01	3.82e-02	4.45e-04	3.27e-14	2.16e-19	2.52e-19
 9.03856e+20	3.81e-14	4.75e-09	2.37e-05	5.49e-03	7.33e-02	2.36e-01	6.49e-01	3.61e-02	4.03e-04	3.81e-14	2.46e-19	2.87e-19
 9.78959e+20	4.49e-14	5.57e-09	2.71e-05	6.06e-03	7.77e-02	2.43e-01	6.39e-01	3.39e-02	3.62e-04	4.49e-14	2.84e-19	3.32e-19
 1.07659e+21	5.54e-14	6.82e-09	3.21e-05	6.85e-03	8.35e-02	2.53e-01	6.25e-01	3.14e-02	3.17e-04	5.54e-14	3.41e-19	3.98e-19
 1.17694e+21	6.85e-14	8.36e-09	3.80e-05	7.74e-03	8.97e-02	2.62e-01	6.11e-01	2.90e-02	2.76e-04	6.85e-14	4.08e-19	4.76e-19
 1.25488e+21	8.06e-14	9.74e-09	4.32e-05	8.48e-03	9.45e-02	2.69e-01	6.00e-01	2.73e-02	2.49e-04	8.06e-14	4.69e-19	5.47e-19
 1.33027e+21	9.43e-14	1.13e-08	4.88e-05	9.25e-03	9.94e-02	2.76e-01	5.90e-01	2.57e-02	2.25e-04	9.43e-14	5.41e-19	6.32e-19
 1.42826e+21	1.15e-13	1.37e-08	5.70e-05	1.03e-02	1.06e-01	2.84e-01	5.76e-01	2.38e-02	1.98e-04	1.15e-13	6.47e-19	7.55e-19
 1.53107e+21	1.42e-13	1.66e-08	6.68e-05	1.16e-02	1.13e-01	2.92e-01	5.61e-01	2.20e-02	1.74e-04	1.42e-13	7.73e-19	9.02e-19
 1.61753e+21	1.68e-13	1.94e-08	7.61e-05	1.27e-02	1.19e-01	2.99e-01	5.49e-01	2.06e-02	1.56e-04	1.68e-13	8.98e-19	1.05e-18
 1.70736e+21	2.01e-13	2.28e-08	8.69e-05	1.39e-02	1.25e-01	3.05e-01	5.36e-01	1.93e-02	1.39e-04	2.01e-13	1.06e-18	1.23e-18
 1.82414e+21	2.52e-13	2.81e-08	1.03e-04	1.56e-02	1.33e-01	3.13e-01	5.20e-01	1.76e-02	1.20e-04	2.52e-13	1.29e-18	1.51e-18
 1.94493e+21	3.17e-13	3.46e-08	1.22e-04	1.75e-02	1.42e-01	3.21e-01	5.03e-01	1.61e-02	1.04e-04	3.17e-13	1.58e-18	1.84e-18
 2.04457e+21	3.80e-13	4.07e-08	1.39e-04	1.92e-02	1.49e-01	3.27e-01	4.89e-01	1.50e-02	9.22e-05	3.80e-13	1.86e-18	2.17e-18
 2.14776e+21	4.59e-13	4.83e-08	1.60e-04	2.11e-02	1.57e-01	3.33e-01	4.75e-01	1.39e-02	8.15e-05	4.59e-13	2.22e-18	2.58e-18
 2.28190e+21	5.85e-13	6.00e-08	1.90e-04	2.37e-02	1.67e-01	3.40e-01	4.56e-01	1.26e-02	6.96e-05	5.85e-13	2.76e-18	3.22e-18
 2.42309e+21	7.48e-13	7.45e-08	2.26e-04	2.67e-02	1.78e-01	3.46e-01	4.37e-01	1.13e-02	5.91e-05	7.48e-13	3.44e-18	4.00e-18
 2.54163e+21	9.12e-13	8.87e-08	2.61e-04	2.94e-02	1.87e-01	3.51e-01	4.22e-01	1.04e-02	5.16e-05	9.12e-13	4.12e-18	4.79e-18
 2.66394e+21	1.12e-12	1.06e-07	3.02e-04	3.24e-02	1.97e-01	3.55e-01	4.06e-01	9.51e-03	4.49e-05	1.12e-12	5.00e-18	5.81e-18
 2.82294e+21	1.47e-12	1.34e-07	3.62e-04	3.65e-02	2.09e-01	3.60e-01	3.86e-01	8.48e-03	3.76e-05	1.47e-12	6.40e-18	7.43e-18
 2.98780e+21	1.92e-12	1.69e-07	4.34e-04	4.11e-02	2.22e-01	3.63e-01	3.65e-01	7.53e-03	3.13e-05	1.92e-12	8.15e-18	9.45e-18
 3.12291e+21	2.37e-12	2.03e-07	5.01e-04	4.51e-02	2.32e-01	3.66e-01	3.49e-01	6.84e-03	2.70e-05	2.37e-12	9.92e-18	1.15e-17
 3.26119e+21	2.94e-12	2.43e-07	5.78e-04	4.95e-02	2.43e-01	3.67e-01	3.33e-01	6.20e-03	2.33e-05	2.94e-12	1.22e-17	1.41e-17
 3.44095e+21	3.88e-12	3.07e-07	6.92e-04	5.56e-02	2.56e-01	3.68e-01	3.13e-01	5.46e-03	1.92e-05	3.88e-12	1.57e-17	1.82e-17
 3.61885e+21	5.03e-12	3.82e-07	8.20e-04	6.19e-02	2.69e-01	3.69e-01	2.94e-01	4.82e-03	1.59e-05	5.03e-12	2.00e-17	2.31e-17
 3.75733e+21	6.13e-12	4.50e-07	9.31e-04	6.71e-02	2.79e-01	3.68e-01	2.80e-01	4.37e-03	1.38e-05	6.13e-12	2.40e-17	2.77e-17
 3.90035e+21	7.51e-12	5.32e-07	1.06e-03	7.28e-02	2.89e-01	3.67e-01	2.66e-01	3.96e-03	1.19e-05	7.51e-12	2.91e-17	3.36e-17
 4.08628e+21	9.73e-12	6.58e-07	1.25e-03	8.05e-02	3.02e-01	3.64e-01	2.49e-01	3.48e-03	9.84e-06	9.73e-12	3.71e-17	4.29e-17
 4.28690e+21	1.27e-11	8.19e-07	1.47e-03	8.92e-02	3.15e-01	3.61e-01	2.31e-01	3.03e-03	8.03e-06	1.27e-11	4.76e-17	5.49e-17
 4.46830e+21	1.61e-11	9.89e-07	1.71e-03	9.74e-02	3.26e-01	3.57e-01	2.16e-01	2.67e-03	6.70e-06	1.61e-11	5.93e-17	6.84e-17
 4.63127e+21	1.97e-11	1.17e-06	1.94e-03	1.05e-01	3.35e-01	3.53e-01	2.03e-01	2.39e-03	5.70e-06	1.97e-11	7.20e-17	8.29e-17
 4.80865e+21	2.46e-11	1.39e-06	2.21e-03	1.14e-01	3.45e-01	3.47e-01	1.90e-01	2.12e-03	4.79e-06	2.46e-11	8.89e-17	1.02e-16
 5.03924e+21	3.26e-11	1.74e-06	2.62e-03	1.26e-01	3.57e-01	3.40e-01	1.73e-01	1.81e-03	3.83e-06	3.26e-11	1.16e-16	1.34e-16
 5.27131e+21	4.26e-11	2.15e-06	3.08e-03	1.38e-01	3.67e-01	3.32e-01	1.58e-01	1.54e-03	3.06e-06	4.26e-11	1.49e-16	1.71e-16
 5.45495e+21	5.24e-11	2.52e-06	3.49e-03	1.48e-01	3.75e-01	3.25e-01	1.47e-01	1.36e-03	2.57e-06	5.24e-11	1.81e-16	2.08e-16
 5.64337e+21	6.46e-11	2.97e-06	3.94e-03	1.59e-01	3.82e-01	3.17e-01	1.37e-01	1.20e-03	2.15e-06	6.46e-11	2.21e-16	2.55e-16
 5.88830e+21	8.46e-11	3.66e-06	4.61e-03	1.73e-01	3.91e-01	3.07e-01	1.24e-01	1.02e-03	1.71e-06	8.46e-11	2.86e-16	3.29e-16
 6.13645e+21	1.09e-10	4.45e-06	5.36e-03	1.88e-01	3.98e-01	2.96e-01	1.12e-01	8.63e-04	1.36e-06	1.09e-10	3.64e-16	4.19e-16
 6.33892e+21	1.34e-10	5.20e-06	6.03e-03	2.00e-01	4.03e-01	2.87e-01	1.03e-01	7.54e-04	1.13e-06	1.34e-10	4.41e-16	5.08e-16
 6.55228e+21	1.65e-10	6.10e-06	6.80e-03	2.13e-01	4.08e-01	2.77e-01	9.47e-02	6.56e-04	9.29e-07	1.65e-10	5.41e-16	6.23e-16
 6.82964e+21	2.18e-10	7.51e-06	7.94e-03	2.31e-01	4.12e-01	2.64e-01	8.43e-02	5.45e-04	7.21e-07	2.18e-10	7.02e-16	8.10e-16
 7.11101e+21	2.82e-10	9.12e-06	9.21e-03	2.49e-01	4.15e-01	2.51e-01	7.50e-02	4.53e-04	5.60e-07	2.82e-10	8.97e-16	1.03e-15
 7.34458e+21	3.47e-10	1.06e-05	1.04e-02	2.64e-01	4.17e-01	2.41e-01	6.80e-02	3.89e-04	4.55e-07	3.47e-10	1.09e-15	1.26e-15
 7.59521e+21	4.35e-10	1.26e-05	1.18e-02	2.81e-01	4.17e-01	2.29e-01	6.12e-02	3.30e-04	3.65e-07	4.35e-10	1.36e-15	1.57e-15
 7.92103e+21	5.78e-10	1.56e-05	1.38e-02	3.02e-01	4.16e-01	2.14e-01	5.33e-02	2.67e-04	2.75e-07	5.78e-10	1.79e-15	2.06e-15
 8.25000e+21	7.55e-10	1.89e-05	1.60e-02	3.24e-01	4.14e-01	2.00e-01	4.64e-02	2.16e-04	2.07e-07	7.55e-10	2.30e-15	2.66e-15
 8.52124e+21	9.36e-10	2.21e-05	1.81e-02	3.41e-01	4.10e-01	1.89e-01	4.13e-02	1.81e-04	1.64e-07	9.36e-10	2.83e-15	3.27e-15
 8.81202e+21	1.18e-09	2.63e-05	2.06e-02	3.60e-01	4.06e-01	1.77e-01	3.65e-02	1.51e-04	1.28e-07	1.18e-09	3.55e-15	4.10e-15
 9.13739e+21	1.51e-09	3.15e-05	2.36e-02	3.81e-01	3.99e-01	1.64e-01	3.17e-02	1.22e-04	0.00e+00	1.51e-09	4.50e-15	5.20e-15
 9.43875e+21	1.89e-09	3.69e-05	2.67e-02	4.00e-01	3.92e-01	1.53e-01	2.79e-02	1.01e-04	0.00e+00	1.89e-09	5.55e-15	6.43e-15
 9.71598e+21	2.30e-09	4.27e-05	2.99e-02	4.17e-01	3.85e-01	1.43e-01	2.47e-02	8.50e-05	0.00e+00	2.30e-09	6.73e-15	7.80e-15
 1.00308e+22	2.90e-09	5.05e-05	3.39e-02	4.37e-01	3.76e-01	1.32e-01	2.15e-02	6.97e-05	0.00e+00	2.90e-09	8.41e-15	9.76e-15
 1.03805e+22	3.69e-09	6.03e-05	3.88e-02	4.57e-01	3.65e-01	1.21e-01	1.85e-02	5.60e-05	0.00e+00	3.69e-09	1.06e-14	1.23e-14
 1.07042e+22	4.57e-09	7.05e-05	4.38e-02	4.75e-01	3.54e-01	1.11e-01	1.61e-02	4.59e-05	0.00e+00	4.57e-09	1.31e-14	1.52e-14
 1.10059e+22	5.58e-09	8.16e-05	4.90e-02	4.92e-01	3.43e-01	1.02e-01	1.41e-02	3.81e-05	0.00e+00	5.58e-09	1.59e-14	1.84e-14
 1.13502e+22	7.05e-09	9.69e-05	5.57e-02	5.09e-01	3.30e-01	9.27e-02	1.21e-02	3.08e-05	0.00e+00	7.05e-09	1.99e-14	2.31e-14
 1.17277e+22	8.98e-09	1.16e-04	6.39e-02	5.28e-01	3.15e-01	8.33e-02	1.02e-02	2.45e-05	0.00e+00	8.98e-09	2.51e-14	2.92e-14
 1.20683e+22	1.11e-08	1.35e-04	7.23e-02	5.42e-01	3.01e-01	7.54e-02	8.80e-03	1.99e-05	0.00e+00	1.11e-08	3.08e-14	3.59e-14
 1.23795e+22	1.35e-08	1.57e-04	8.09e-02	5.55e-01	2.88e-01	6.87e-02	7.66e-03	1.65e-05	0.00e+00	1.35e-08	3.73e-14	4.34e-14
 1.27323e+22	1.69e-08	1.86e-04	9.20e-02	5.68e-01	2.72e-01	6.15e-02	6.53e-03	1.33e-05	0.00e+00	1.69e-08	4.67e-14	5.43e-14
 1.31167e+22	2.15e-08	2.23e-04	1.06e-01	5.79e-01	2.55e-01	5.43e-02	5.48e-03	1.06e-05	0.00e+00	2.15e-08	5.89e-14	6.86e-14
 1.34583e+22	2.64e-08	2.61e-04	1.20e-01	5.87e-01	2.40e-01	4.85e-02	4.70e-03	8.67e-06	0.00e+00	2.64e-08	7.20e-14	8.38e-14
 1.37658e+22	3.19e-08	3.02e-04	1.34e-01	5.92e-01	2.26e-01	4.36e-02	4.07e-03	7.22e-06	0.00e+00	3.19e-08	8.66e-14	1.01e-13
 1.41128e+22	3.99e-08	3.59e-04	1.52e-01	5.96e-01	2.10e-01	3.84e-02	3.45e-03	5.84e-06	0.00e+00	3.99e-08	1.08e-13	1.26e-13
 1.44876e+22	5.04e-08	4.32e-04	1.75e-01	5.96e-01	1.92e-01	3.33e-02	2.88e-03	4.67e-06	0.00e+00	5.04e-08	1.35e-13	1.58e-13
 1.48149e+22	6.17e-08	5.08e-04	1.99e-01	5.92e-01	1.77e-01	2.92e-02	2.44e-03	3.82e-06	0.00e+00	6.17e-08	1.65e-13	1.93e-13
 1.51037e+22	7.41e-08	5.89e-04	2.22e-01	5.86e-01	1.63e-01	2.58e-02	2.10e-03	3.19e-06	0.00e+00	7.41e-08	1.98e-13	2.31e-13
 1.54260e+22	9.24e-08	7.03e-04	2.52e-01	5.76e-01	1.47e-01	2.22e-02	1.76e-03	2.58e-06	0.00e+00	9.24e-08	2.46e-13	2.87e-13
 1.57515e+22	1.14e-07	8.33e-04	2.87e-01	5.61e-01	1.31e-01	1.89e-02	1.46e-03	2.08e-06	0.00e+00	1.14e-07	3.02e-13	3.51e-13
 1.60108e+22	1.35e-07	9.61e-04	3.19e-01	5.45e-01	1.18e-01	1.64e-02	1.24e-03	1.73e-06	0.00e+00	1.35e-07	3.58e-13	4.16e-13
 1.62404e+22	1.58e-07	1.09e-03	3.50e-01	5.27e-01	1.07e-01	1.43e-02	1.07e-03	1.46e-06	0.00e+00	1.58e-07	4.17e-13	4.85e-13
 1.64588e+22	1.84e-07	1.24e-03	3.82e-01	5.08e-01	9.57e-02	1.25e-02	9.14e-04	1.23e-06	0.00e+00	1.84e-07	4.86e-13	5.65e-13
 1.66602e+22	2.11e-07	1.39e-03	4.13e-01	4.88e-01	8.58e-02	1.09e-02	7.85e-04	1.04e-06	0.00e+00	2.11e-07	5.57e-13	6.48e-13
 1.68827e+22	2.48e-07	1.58e-03	4.50e-01	4.63e-01	7.52e-02	9.26e-03	6.55e-04	8.50e-07	0.00e+00	2.48e-07	6.52e-13	7.58e-13
 1.71189e+22	2.91e-07	1.80e-03	4.91e-01	4.34e-01	6.46e-02	7.71e-03	5.34e-04	6.80e-07	0.00e+00	2.91e-07	7.65e-13	8.89e-13
 1.73207e+22	3.32e-07	2.00e-03	5.27e-01	4.08e-01	5.60e-02	6.53e-03	4.44e-04	5.57e-07	0.00e+00	3.32e-07	8.71e-13	1.01e-12
 1.75310e+22	3.86e-07	2.24e-03	5.66e-01	3.79e-01	4.76e-02	5.41e-03	3.59e-04	4.42e-07	0.00e+00	3.86e-07	1.01e-12	1.17e-12
 1.77577e+22	4.49e-07	2.52e-03	6.06e-01	3.47e-01	3.95e-02	4.38e-03	2.83e-04	3.42e-07	0.00e+00	4.49e-07	1.17e-12	1.36e-12
 1.79606e+22	5.12e-07	2.78e-03	6.42e-01	3.18e-01	3.31e-02	3.60e-03	2.26e-04	2.68e-07	0.00e+00	5.12e-07	1.33e-12	1.55e-12
 1.81793e+22	5.90e-07	3.08e-03	6.79e-01	2.88e-01	2.70e-02	2.89e-03	1.76e-04	2.02e-07	0.00e+00	5.90e-07	1.53e-12	1.78e-12
 1.84160e+22	6.82e-07	3.41e-03	7.15e-01	2.57e-01	2.16e-02	2.28e-03	1.33e-04	1.49e-07	0.00e+00	6.82e-07	1.76e-12	2.05e-12
 1.86259e+22	7.70e-07	3.71e-03	7.45e-01	2.32e-01	1.77e-02	1.84e-03	1.03e-04	0.00e+00	0.00e+00	7.70e-07	1.99e-12	2.31e-12
 1.88179e+22	8.59e-07	3.99e-03	7.69e-01	2.10e-01	1.48e-02	1.52e-03	8.22e-05	0.00e+00	0.00e+00	8.59e-07	2.21e-12	2.57e-12
 1.90372e+22	9.73e-07	4.32e-03	7.95e-01	1.88e-01	1.20e-02	1.22e-03	6.31e-05	0.00e+00	0.00e+00	9.73e-07	2.50e-12	2.91e-12
 1.92794e+22	1.11e-06	4.69e-03	8.18e-01	1.66e-01	9.63e-03	9.77e-04	4.78e-05	0.00e+00	0.00e+00	1.11e-06	2.83e-12	3.30e-12
 1.94903e+22	1.23e-06	4.99e-03	8.36e-01	1.50e-01	8.05e-03	8.12e-04	3.80e-05	0.00e+00	0.00e+00	1.23e-06	3.13e-12	3.65e-12
 1.97031e+22	1.37e-06	5.31e-03	8.53e-01	1.35e-01	6.74e-03	6.75e-04	3.01e-05	0.00e+00	0.00e+00	1.37e-06	3.47e-12	4.05e-12
 1.99798e+22	1.56e-06	5.73e-03	8.71e-01	1.18e-01	5.45e-03	5.39e-04	2.27e-05	0.00e+00	0.00e+00	1.56e-06	3.95e-12	4.61e-12
 2.02832e+22	1.79e-06	6.18e-03	8.86e-01	1.03e-01	4.43e-03	4.31e-04	1.71e-05	0.00e+00	0.00e+00	1.79e-06	4.50e-12	5.26e-12
 2.05716e+22	2.02e-06	6.60e-03	8.99e-01	9.05e-02	3.72e-03	3.54e-04	1.33e-05	0.00e+00	0.00e+00	2.02e-06	5.04e-12	5.90e-12
 2.08669e+22	2.28e-06	7.03e-03	9.10e-01	8.00e-02	3.17e-03	2.93e-04	1.05e-05	0.00e+00	0.00e+00	2.28e-06	5.62e-12	6.59e-12
 2.11951e+22	2.59e-06	7.52e-03	9.19e-01	7.02e-02	2.71e-03	2.40e-04	8.23e-06	0.00e+00	0.00e+00	2.59e-06	6.31e-12	7.40e-12
 2.15596e+22	2.97e-06	8.06e-03	9.28e-01	6.12e-02	2.33e-03	1.96e-04	6.45e-06	0.00e+00	0.00e+00	2.97e-06	7.14e-12	8.39e-12
 2.19567e+22	3.43e-06	8.64e-03	9.36e-01	5.32e-02	2.03e-03	1.60e-04	5.08e-06	0.00e+00	0.00e+00	3.43e-06	8.12e-12	9.56e-12
 2.23885e+22	3.98e-06	9.29e-03	9.43e-01	4.61e-02	1.79e-03	1.30e-04	4.02e-06	0.00e+00	0.00e+00	3.98e-06	9.31e-12	1.10e-11
 2.28696e+22	4.68e-06	1.00e-02	9.49e-01	3.97e-02	1.58e-03	1.05e-04	3.19e-06	0.00e+00	0.00e+00	4.68e-06	1.08e-11	1.27e-11
 2.34274e+22	5.62e-06	1.09e-02	9.54e-01	3.37e-02	1.41e-03	8.27e-05	2.51e-06	0.00e+00	0.00e+00	5.62e-06	1.28e-11	1.51e-11
 2.40092e+22	6.77e-06	1.18e-02	9.58e-01	2.89e-02	1.27e-03	6.60e-05	2.02e-06	0.00e+00	0.00e+00	6.77e-06	1.52e-11	1.80e-11
 2.45619e+22	8.06e-06	1.27e-02	9.61e-01	2.52e-02	1.17e-03	5.38e-05	1.67e-06	0.00e+00	0.00e+00	8.06e-06	1.79e-11	2.12e-11
 2.51884e+22	9.79e-06	1.38e-02	9.64e-01	2.15e-02	1.07e-03	4.28e-05	1.38e-06	0.00e+00	0.00e+00	9.79e-06	2.15e-11	2.55e-11
 2.60028e+22	1.26e-05	1.53e-02	9.66e-01	1.78e-02	9.78e-04	3.23e-05	1.10e-06	0.00e+00	0.00e+00	1.26e-05	2.74e-11	3.24e-11
 2.68514e+22	1.66e-05	1.71e-02	9.67e-01	1.49e-02	8.99e-04	2.45e-05	8.85e-07	0.00e+00	0.00e+00	1.66e-05	3.58e-11	4.24e-11
 2.75740e+22	2.12e-05	1.88e-02	9.67e-01	1.29e-02	8.43e-04	1.95e-05	7.45e-07	0.00e+00	0.00e+00	2.12e-05	4.55e-11	5.38e-11
 2.82379e+22	2.67e-05	2.05e-02	9.67e-01	1.13e-02	7.99e-04	1.57e-05	6.40e-07	0.00e+00	0.00e+00	2.67e-05	5.71e-11	6.74e-11
 2.88475e+22	3.34e-05	2.23e-02	9.67e-01	1.00e-02	7.64e-04	1.29e-05	5.57e-07	0.00e+00	0.00e+00	3.34e-05	7.15e-11	8.42e-11
 2.93128e+22	4.02e-05	2.40e-02	9.66e-01	9.19e-03	7.39e-04	1.11e-05	5.01e-07	0.00e+00	0.00e+00	4.02e-05	8.62e-11	1.01e-10
 2.96504e+22	4.60e-05	2.53e-02	9.65e-01	8.61e-03	7.23e-04	9.95e-06	4.64e-07	0.00e+00	0.00e+00	4.60e-05	9.89e-11	1.16e-10
 3.00004e+22	5.32e-05	2.67e-02	9.65e-01	7.96e-03	7.06e-04	8.77e-06	4.27e-07	0.00e+00	0.00e+00	5.32e-05	1.15e-10	1.34e-10
 3.04554e+22	6.47e-05	2.88e-02	9.63e-01	7.18e-03	6.85e-04	7.42e-06	3.83e-07	0.00e+00	0.00e+00	6.47e-05	1.40e-10	1.62e-10
 3.09080e+22	8.02e-05	3.13e-02	9.61e-01	6.51e-03	6.66e-04	6.27e-06	3.42e-07	0.00e+00	0.00e+00	8.02e-05	1.74e-10	2.01e-10
 3.12318e+22	9.46e-05	3.35e-02	9.60e-01	6.08e-03	6.53e-04	5.54e-06	3.14e-07	0.00e+00	0.00e+00	9.46e-05	2.07e-10	2.38e-10
 3.14724e+22	1.07e-04	3.53e-02	9.58e-01	5.75e-03	6.43e-04	5.03e-06	2.94e-07	0.00e+00	0.00e+00	1.07e-04	2.36e-10	2.70e-10
 3.17305e+22	1.23e-04	3.73e-02	9.57e-01	5.38e-03	6.33e-04	4.50e-06	2.74e-07	0.00e+00	0.00e+00	1.23e-04	2.71e-10	3.10e-10
 3.20660e+22	1.48e-04	4.02e-02	9.54e-01	4.91e-03	6.20e-04	3.88e-06	2.49e-07	0.00e+00	0.00e+00	1.48e-04	3.29e-10	3.73e-10
 3.23987e+22	1.82e-04	4.39e-02	9.51e-01	4.50e-03	6.07e-04	3.33e-06	2.24e-07	0.00e+00	0.00e+00	1.82e-04	4.09e-10	4.58e-10
 3.26386e+22	2.13e-04	4.70e-02	9.48e-01	4.21e-03	5.98e-04	2.97e-06	2.07e-07	0.00e+00	0.00e+00	2.13e-04	4.84e-10	5.37e-10
 3.28219e+22	2.41e-04	4.96e-02	9.46e-01	3.99e-03	5.92e-04	2.71e-06	1.95e-07	0.00e+00	0.00e+00	2.41e-04	5.52e-10	6.09e-10
 3.30212e+22	2.76e-04	5.26e-02	9.43e-01	3.75e-03	5.84e-04	2.44e-06	1.82e-07	0.00e+00	0.00e+00	2.76e-04	6.38e-10	6.97e-10
 3.32802e+22	3.33e-04	5.71e-02	9.39e-01	3.43e-03	5.73e-04	2.11e-06	1.65e-07	0.00e+00	0.00e+00	3.33e-04	7.78e-10	8.38e-10
 3.35378e+22	4.08e-04	6.27e-02	9.33e-01	3.14e-03	5.62e-04	1.82e-06	1.49e-07	0.00e+00	0.00e+00	4.08e-04	9.72e-10	1.03e-09
 3.37244e+22	4.78e-04	6.74e-02	9.29e-01	2.94e-03	5.54e-04	1.63e-06	1.38e-07	0.00e+00	0.00e+00	4.78e-04	1.16e-09	1.21e-09
 3.38683e+22	5.40e-04	7.14e-02	9.25e-01	2.78e-03	5.48e-04	1.49e-06	1.29e-07	0.00e+00	0.00e+00	5.40e-04	1.33e-09	1.36e-09
 3.40256e+22	6.18e-04	7.60e-02	9.20e-01	2.61e-03	5.41e-04	1.34e-06	0.00e+00	0.00e+00	0.00e+00	6.18e-04	1.54e-09	1.56e-09
 3.42301e+22	7.44e-04	8.28e-02	9.14e-01	2.39e-03	5.30e-04	1.16e-06	0.00e+00	0.00e+00	0.00e+00	7.44e-04	1.89e-09	1.88e-09
 3.44349e+22	9.12e-04	9.13e-02	9.05e-01	2.18e-03	5.20e-04	1.00e-06	0.00e+00	0.00e+00	0.00e+00	9.12e-04	2.39e-09	2.30e-09
 3.45857e+22	1.07e-03	9.86e-02	8.98e-01	2.03e-03	5.11e-04	8.92e-07	0.00e+00	0.00e+00	0.00e+00	1.07e-03	2.87e-09	2.70e-09
 3.47031e+22	1.21e-03	1.05e-01	8.92e-01	1.91e-03	5.04e-04	8.13e-07	0.00e+00	0.00e+00	0.00e+00	1.21e-03	3.31e-09	3.06e-09
 3.48318e+22	1.39e-03	1.12e-01	8.84e-01	1.79e-03	4.97e-04	7.32e-07	0.00e+00	0.00e+00	0.00e+00	1.39e-03	3.88e-09	3.51e-09
 3.49991e+22	1.68e-03	1.23e-01	8.74e-01	1.63e-03	4.85e-04	6.33e-07	0.00e+00	0.00e+00	0.00e+00	1.68e-03	4.83e-09	4.24e-09
 3.51677e+22	2.08e-03	1.36e-01	8.60e-01	1.47e-03	4.72e-04	5.41e-07	0.00e+00	0.00e+00	0.00e+00	2.08e-03	6.15e-09	5.22e-09
 3.52938e+22	2.46e-03	1.48e-01	8.48e-01	1.36e-03	4.61e-04	4.77e-07	0.00e+00	0.00e+00	0.00e+00	2.46e-03	7.46e-09	6.17e-09
 3.53937e+22	2.81e-03	1.58e-01	8.38e-01	1.27e-03	4.52e-04	4.31e-07	0.00e+00	0.00e+00	0.00e+00	2.81e-03	8.71e-09	7.04e-09
 3.55038e+22	3.25e-03	1.69e-01	8.26e-01	1.17e-03	4.42e-04	3.83e-07	0.00e+00	0.00e+00	0.00e+00	3.25e-03	1.03e-08	8.15e-09
 3.56469e+22	3.96e-03	1.86e-01	8.08e-01	1.06e-03	4.28e-04	3.28e-07	0.00e+00	0.00e+00	0.00e+00	3.96e-03	1.30e-08	9.90e-09
 3.57924e+22	4.97e-03	2.08e-01	7.85e-01	9.37e-04	4.10e-04	2.73e-07	0.00e+00	0.00e+00	0.00e+00	4.97e-03	1.67e-08	1.24e-08
 3.59036e+22	5.96e-03	2.28e-01	7.65e-01	8.50e-04	3.96e-04	2.36e-07	0.00e+00	0.00e+00	0.00e+00	5.96e-03	2.05e-08	1.48e-08
 3.59938e+22	6.93e-03	2.45e-01	7.47e-01	7.81e-04	3.83e-04	2.09e-07	0.00e+00	0.00e+00	0.00e+00	6.93e-03	2.42e-08	1.71e-08
 3.60940e+22	8.18e-03	2.65e-01	7.26e-01	7.09e-04	3.68e-04	1.81e-07	0.00e+00	0.00e+00	0.00e+00	8.18e-03	2.90e-08	2.01e-08
 3.62243e+22	1.02e-02	2.94e-01	6.95e-01	6.19e-04	3.46e-04	1.48e-07	0.00e+00	0.00e+00	0.00e+00	1.02e-02	3.69e-08	2.51e-08
 3.63568e+22	1.32e-02	3.31e-01	6.55e-01	5.29e-04	3.20e-04	1.18e-07	0.00e+00	0.00e+00	0.00e+00	1.32e-02	4.84e-08	3.21e-08
 3.64566e+22	1.62e-02	3.63e-01	6.20e-01	4.63e-04	2.98e-04	0.00e+00	0.00e+00	0.00e+00	0.00e+00	1.62e-02	6.02e-08	3.93e-08
 3.65332e+22	1.89e-02	3.89e-01	5.91e-01	4.17e-04	2.80e-04	0.00e+00	0.00e+00	0.00e+00	0.00e+00	1.89e-02	7.09e-08	4.57e-08
 3.66153e+22	2.23e-02	4.17e-01	5.60e-01	3.71e-04	2.62e-04	0.00e+00	0.00e+00	0.00e+00	0.00e+00	2.23e-02	8.38e-08	5.35e-08
 3.67219e+22	2.77e-02	4.57e-01	5.15e-01	3.16e-04	2.35e-04	0.00e+00	0.00e+00	0.00e+00	0.00e+00	2.77e-02	1.05e-07	6.62e-08
 3.68315e+22	3.55e-02	5.03e-01	4.61e-01	2.60e-04	2.04e-04	0.00e+00	0.00e+00	0.00e+00	0.00e+00	3.55e-02	1.35e-07	8.42e-08
 3.69157e+22	4.34e-02	5.41e-01	4.15e-01	2.20e-04	1.79e-04	0.00e+00	0.00e+00	0.00e+00	0.00e+00	4.34e-02	1.65e-07	1.02e-07
 3.69820e+22	5.07e-02	5.71e-01	3.78e-01	1.93e-04	1.60e-04	0.00e+00	0.00e+00	0.00e+00	0.00e+00	5.07e-02	1.92e-07	1.18e-07
 3.70541e+22	5.93e-02	6.00e-01	3.41e-01	1.67e-04	1.40e-04	0.00e+00	0.00e+00	0.00e+00	0.00e+00	5.93e-02	2.23e-07	1.37e-07
 3.71327e+22	7.14e-02	6.32e-01	2.96e-01	1.39e-04	1.18e-04	0.00e+00	0.00e+00	0.00e+00	0.00e+00	7.14e-02	2.67e-07	1.64e-07
 3.71993e+22	8.41e-02	6.58e-01	2.58e-01	1.18e-04	9.96e-05	0.00e+00	0.00e+00	0.00e+00	0.00e+00	8.41e-02	3.13e-07	1.91e-07
 3.72519e+22	9.55e-02	6.76e-01	2.28e-01	1.03e-04	8.58e-05	0.00e+00	0.00e+00	0.00e+00	0.00e+00	9.55e-02	3.53e-07	2.15e-07
 3.73067e+22	1.08e-01	6.91e-01	2.01e-01	9.04e-05	7.33e-05	0.00e+00	0.00e+00	0.00e+00	0.00e+00	1.08e-01	3.95e-07	2.41e-07
 3.73683e+22	1.25e-01	7.05e-01	1.70e-01	7.67e-05	5.97e-05	0.00e+00	0.00e+00	0.00e+00	0.00e+00	1.25e-01	4.52e-07	2.74e-07
 3.74236e+22	1.43e-01	7.14e-01	1.43e-01	6.53e-05	4.82e-05	0.00e+00	0.00e+00	0.00e+00	0.00e+00	1.43e-01	5.11e-07	3.10e-07
 3.74686e+22	1.60e-01	7.18e-01	1.23e-01	5.71e-05	4.00e-05	0.00e+00	0.00e+00	0.00e+00	0.00e+00	1.60e-01	5.63e-07	3.41e-07
 3.75094e+22	1.75e-01	7.18e-01	1.07e-01	5.09e-05	3.36e-05	0.00e+00	0.00e+00	0.00e+00	0.00e+00	1.75e-01	6.10e-07	3.69e-07
 3.75561e+22	1.93e-01	7.16e-01	9.04e-02	4.47e-05	2.75e-05	0.00e+00	0.00e+00	0.00e+00	0.00e+00	1.93e-01	6.63e-07	4.01e-07
 3.76169e+22	2.20e-01	7.08e-01	7.13e-02	3.74e-05	2.06e-05	0.00e+00	0.00e+00	0.00e+00	0.00e+00	2.20e-01	7.40e-07	4.47e-07
 3.76758e+22	2.54e-01	6.92e-01	5.38e-02	3.06e-05	1.47e-05	0.00e+00	0.00e+00	0.00e+00	0.00e+00	2.54e-01	8.28e-07	4.99e-07
 3.77164e+22	2.80e-01	6.77e-01	4.36e-02	2.67e-05	1.14e-05	0.00e+00	0.00e+00	0.00e+00	0.00e+00	2.80e-01	8.89e-07	5.36e-07
 3.77478e+22	2.99e-01	6.64e-01	3.72e-02	2.41e-05	9.37e-06	0.00e+00	0.00e+00	0.00e+00	0.00e+00	2.99e-01	9.32e-07	5.61e-07
 3.77754e+22	3.16e-01	6.52e-01	3.21e-02	2.21e-05	7.87e-06	0.00e+00	0.00e+00	0.00e+00	0.00e+00	3.16e-01	9.70e-07	5.84e-07
 3.77989e+22	3.32e-01	6.40e-01	2.81e-02	2.04e-05	6.72e-06	0.00e+00	0.00e+00	0.00e+00	0.00e+00	3.32e-01	1.00e-06	6.03e-07
 3.78216e+22	3.47e-01	6.28e-01	2.48e-02	1.90e-05	5.80e-06	0.00e+00	0.00e+00	0.00e+00	0.00e+00	3.47e-01	1.03e-06	6.18e-07
 3.78461e+22	3.64e-01	6.14e-01	2.15e-02	1.75e-05	4.89e-06	0.00e+00	0.00e+00	0.00e+00	0.00e+00	3.64e-01	1.06e-06	6.36e-07
 3.78721e+22	3.84e-01	5.98e-01	1.84e-02	1.60e-05	4.05e-06	0.00e+00	0.00e+00	0.00e+00	0.00e+00	3.84e-01	1.09e-06	6.54e-07
 3.78973e+22	4.04e-01	5.81e-01	1.56e-02	1.46e-05	3.34e-06	0.00e+00	0.00e+00	0.00e+00	0.00e+00	4.04e-01	1.12e-06	6.71e-07
 3.79212e+22	4.24e-01	5.63e-01	1.33e-02	1.34e-05	2.77e-06	0.00e+00	0.00e+00	0.00e+00	0.00e+00	4.24e-01	1.14e-06	6.85e-07
 3.79445e+22	4.43e-01	5.46e-01	1.13e-02	1.23e-05	2.30e-06	0.00e+00	0.00e+00	0.00e+00	0.00e+00	4.43e-01	1.16e-06	6.98e-07
 3.79687e+22	4.63e-01	5.27e-01	9.57e-03	1.13e-05	1.88e-06	0.00e+00	0.00e+00	0.00e+00	0.00e+00	4.63e-01	1.18e-06	7.09e-07
 3.79943e+22	4.86e-01	5.06e-01	7.94e-03	1.03e-05	1.52e-06	0.00e+00	0.00e+00	0.00e+00	0.00e+00	4.86e-01	1.20e-06	7.19e-07
 3.80202e+22	5.10e-01	4.84e-01	6.51e-03	9.26e-06	1.20e-06	0.00e+00	0.00e+00	0.00e+00	0.00e+00	5.10e-01	1.21e-06	7.28e-07
 3.80459e+22	5.33e-01	4.62e-01	5.33e-03	8.39e-06	9.56e-07	0.00e+00	0.00e+00	0.00e+00	0.00e+00	5.33e-01	1.22e-06	7.33e-07
 3.80713e+22	5.57e-01	4.39e-01	4.33e-03	7.57e-06	7.53e-07	0.00e+00	0.00e+00	0.00e+00	0.00e+00	5.57e-01	1.23e-06	7.35e-07
 3.80963e+22	5.80e-01	4.17e-01	3.52e-03	6.85e-06	5.95e-07	0.00e+00	0.00e+00	0.00e+00	0.00e+00	5.80e-01	1.23e-06	7.35e-07
 3.81156e+22	5.98e-01	3.99e-01	2.96e-03	6.31e-06	4.90e-07	0.00e+00	0.00e+00	0.00e+00	0.00e+00	5.98e-01	1.22e-06	7.33e-07
 3.81275e+22	6.08e-01	3.89e-01	2.69e-03	6.05e-06	4.40e-07	0.00e+00	0.00e+00	0.00e+00	0.00e+00	6.08e-01	1.22e-06	7.31e-07
 3.81386e+22	6.16e-01	3.81e-01	2.47e-03	5.84e-06	3.99e-07	0.00e+00	0.00e+00	0.00e+00	0.00e+00	6.16e-01	1.22e-06	7.29e-07
 3.81531e+22	6.28e-01	3.69e-01	2.19e-03	5.53e-06	3.49e-07	0.00e+00	0.00e+00	0.00e+00	0.00e+00	6.28e-01	1.21e-06	7.25e-07
 3.81696e+22	6.43e-01	3.55e-01	1.89e-03	5.16e-06	2.96e-07	0.00e+00	0.00e+00	0.00e+00	0.00e+00	6.43e-01	1.20e-06	7.19e-07
 3.81844e+22	6.57e-01	3.42e-01	1.65e-03	4.85e-06	2.55e-07	0.00e+00	0.00e+00	0.00e+00	0.00e+00	6.57e-01	1.19e-06	7.14e-07
 3.81969e+22	6.68e-01	3.31e-01	1.48e-03	4.61e-06	2.25e-07	0.00e+00	0.00e+00	0.00e+00	0.00e+00	6.68e-01	1.18e-06	7.08e-07
 3.82091e+22	6.77e-01	3.21e-01	1.33e-03	4.40e-06	2.01e-07	0.00e+00	0.00e+00	0.00e+00	0.00e+00	6.77e-01	1.17e-06	7.03e-07
 3.82229e+22	6.89e-01	3.10e-01	1.18e-03	4.16e-06	1.75e-07	0.00e+00	0.00e+00	0.00e+00	0.00e+00	6.89e-01	1.16e-06	6.95e-07
 3.82378e+22	7.02e-01	2.97e-01	1.02e-03	3.90e-06	1.50e-07	0.00e+00	0.00e+00	0.00e+00	0.00e+00	7.02e-01	1.15e-06	6.86e-07
 3.82513e+22	7.14e-01	2.85e-01	9.01e-04	3.67e-06	1.31e-07	0.00e+00	0.00e+00	0.00e+00	0.00e+00	7.14e-01	1.13e-06	6.78e-07
 3.82630e+22	7.23e-01	2.76e-01	8.12e-04	3.50e-06	0.00e+00	0.00e+00	0.00e+00	0.00e+00	0.00e+00	7.23e-01	1.12e-06	6.71e-07
 3.82751e+22	7.32e-01	2.67e-01	7.30e-04	3.34e-06	0.00e+00	0.00e+00	0.00e+00	0.00e+00	0.00e+00	7.32e-01	1.11e-06	6.63e-07
 3.82890e+22	7.43e-01	2.56e-01	6.42e-04	3.15e-06	0.00e+00	0.00e+00	0.00e+00	0.00e+00	0.00e+00	7.43e-01	1.09e-06	6.53e-07
 3.83031e+22	7.55e-01	2.45e-01	5.63e-04	2.95e-06	0.00e+00	0.00e+00	0.00e+00	0.00e+00	0.00e+00	7.55e-01	1.08e-06	6.41e-07
 3.83154e+22	7.64e-01	2.36e-01	5.03e-04	2.80e-06	0.00e+00	0.00e+00	0.00e+00	0.00e+00	0.00e+00	7.64e-01	1.06e-06	6.32e-07
 3.83268e+22	7.72e-01	2.28e-01	4.56e-04	2.67e-06	0.00e+00	0.00e+00	0.00e+00	0.00e+00	0.00e+00	7.72e-01	1.05e-06	6.23e-07
 3.83393e+22	7.81e-01	2.19e-01	4.09e-04	2.54e-06	0.00e+00	0.00e+00	0.00e+00	0.00e+00	0.00e+00	7.81e-01	1.03e-06	6.13e-07
 3.83528e+22	7.90e-01	2.09e-01	3.63e-04	2.39e-06	0.00e+00	0.00e+00	0.00e+00	0.00e+00	0.00e+00	7.90e-01	1.01e-06	6.02e-07
 3.83658e+22	7.99e-01	2.00e-01	3.24e-04	2.26e-06	0.00e+00	0.00e+00	0.00e+00	0.00e+00	0.00e+00	7.99e-01	9.94e-07	5.91e-07
 3.83778e+22	8.07e-01	1.93e-01	2.94e-04	2.15e-06	0.00e+00	0.00e+00	0.00e+00	0.00e+00	0.00e+00	8.07e-01	9.77e-07	5.81e-07
 3.83897e+22	8.14e-01	1.85e-01	2.67e-04	2.04e-06	0.00e+00	0.00e+00	0.00e+00	0.00e+00	0.00e+00	8.14e-01	9.61e-07	5.71e-07
 3.84025e+22	8.22e-01	1.78e-01	2.41e-04	1.94e-06	0.00e+00	0.00e+00	0.00e+00	0.00e+00	0.00e+00	8.22e-01	9.44e-07	5.60e-07
 3.84156e+22	8.30e-01	1.70e-01	2.18e-04	1.83e-06	0.00e+00	0.00e+00	0.00e+00	0.00e+00	0.00e+00	8.30e-01	9.26e-07	5.49e-07
 3.84284e+22	8.38e-01	1.62e-01	1.98e-04	1.73e-06	0.00e+00	0.00e+00	0.00e+00	0.00e+00	0.00e+00	8.38e-01	9.08e-07	5.38e-07
 3.84405e+22	8.44e-01	1.56e-01	1.83e-04	1.65e-06	0.00e+00	0.00e+00	0.00e+00	0.00e+00	0.00e+00	8.44e-01	8.90e-07	5.26e-07
 3.84526e+22	8.50e-01	1.50e-01	1.69e-04	1.57e-06	0.00e+00	0.00e+00	0.00e+00	0.00e+00	0.00e+00	8.50e-01	8.73e-07	5.13e-07
 3.84654e+22	8.57e-01	1.43e-01	1.56e-04	1.49e-06	0.00e+00	0.00e+00	0.00e+00	0.00e+00	0.00e+00	8.57e-01	8.55e-07	5.00e-07
 3.84785e+22	8.63e-01	1.36e-01	1.44e-04	1.41e-06	0.00e+00	0.00e+00	0.00e+00	0.00e+00	0.00e+00	8.63e-01	8.36e-07	4.87e-07
 3.84908e+22	8.69e-01	1.31e-01	1.35e-04	1.34e-06	0.00e+00	0.00e+00	0.00e+00	0.00e+00	0.00e+00	8.69e-01	8.19e-07	4.75e-07
 3.85025e+22	8.74e-01	1.26e-01	1.27e-04	1.28e-06	0.00e+00	0.00e+00	0.00e+00	0.00e+00	0.00e+00	8.74e-01	8.04e-07	4.64e-07
 3.85147e+22	8.79e-01	1.21e-01	1.21e-04	1.22e-06	0.00e+00	0.00e+00	0.00e+00	0.00e+00	0.00e+00	8.79e-01	7.89e-07	4.53e-07
 3.85274e+22	8.84e-01	1.16e-01	1.14e-04	1.16e-06	0.00e+00	0.00e+00	0.00e+00	0.00e+00	0.00e+00	8.84e-01	7.73e-07	4.41e-07
 3.85400e+22	8.89e-01	1.11e-01	1.09e-04	1.11e-06	0.00e+00	0.00e+00	0.00e+00	0.00e+00	0.00e+00	8.89e-01	7.58e-07	4.31e-07
 3.85519e+22	8.93e-01	1.07e-01	1.05e-04	1.06e-06	0.00e+00	0.00e+00	0.00e+00	0.00e+00	0.00e+00	8.93e-01	7.44e-07	4.21e-07
 3.85638e+22	8.97e-01	1.03e-01	1.01e-04	1.02e-06	0.00e+00	0.00e+00	0.00e+00	0.00e+00	0.00e+00	8.97e-01	7.32e-07	4.12e-07
 3.85764e+22	9.01e-01	9.91e-02	9.79e-05	9.79e-07	0.00e+00	0.00e+00	0.00e+00	0.00e+00	0.00e+00	9.01e-01	7.18e-07	4.03e-07
 3.85894e+22	9.05e-01	9.51e-02	9.50e-05	9.35e-07	0.00e+00	0.00e+00	0.00e+00	0.00e+00	0.00e+00	9.05e-01	7.05e-07	3.93e-07
 3.86020e+22	9.08e-01	9.15e-02	9.26e-05	8.97e-07	0.00e+00	0.00e+00	0.00e+00	0.00e+00	0.00e+00	9.08e-01	6.93e-07	3.85e-07
 3.86144e+22	9.11e-01	8.84e-02	9.08e-05	8.64e-07	0.00e+00	0.00e+00	0.00e+00	0.00e+00	0.00e+00	9.11e-01	6.82e-07	3.77e-07
 3.86274e+22	9.15e-01	8.52e-02	8.92e-05	8.31e-07	0.00e+00	0.00e+00	0.00e+00	0.00e+00	0.00e+00	9.15e-01	6.71e-07	3.69e-07
 3.86411e+22	9.18e-01	8.20e-02	8.78e-05	7.97e-07	0.00e+00	0.00e+00	0.00e+00	0.00e+00	0.00e+00	9.18e-01	6.59e-07	3.61e-07
 3.86551e+22	9.21e-01	7.90e-02	8.67e-05	7.66e-07	0.00e+00	0.00e+00	0.00e+00	0.00e+00	0.00e+00	9.21e-01	6.49e-07	3.53e-07
 3.86689e+22	9.24e-01	7.64e-02	8.60e-05	7.39e-07	0.00e+00	0.00e+00	0.00e+00	0.00e+00	0.00e+00	9.24e-01	6.39e-07	3.46e-07
 3.86827e+22	9.26e-01	7.39e-02	8.55e-05	7.14e-07	0.00e+00	0.00e+00	0.00e+00	0.00e+00	0.00e+00	9.26e-01	6.29e-07	3.39e-07
 3.86967e+22	9.28e-01	7.16e-02	8.52e-05	6.91e-07	0.00e+00	0.00e+00	0.00e+00	0.00e+00	0.00e+00	9.28e-01	6.20e-07	3.33e-07
 3.87102e+22	9.30e-01	6.96e-02	8.50e-05	6.71e-07	0.00e+00	0.00e+00	0.00e+00	0.00e+00	0.00e+00	9.30e-01	6.12e-07	3.27e-07
 3.87235e+22	9.32e-01	6.78e-02	8.51e-05	6.54e-07	0.00e+00	0.00e+00	0.00e+00	0.00e+00	0.00e+00	9.32e-01	6.04e-07	3.22e-07
 3.87362e+22	9.34e-01	6.63e-02	8.52e-05	6.38e-07	0.00e+00	0.00e+00	0.00e+00	0.00e+00	0.00e+00	9.34e-01	5.97e-07	3.17e-07
 3.87492e+22	9.35e-01	6.48e-02	8.54e-05	6.24e-07	0.00e+00	0.00e+00	0.00e+00	0.00e+00	0.00e+00	9.35e-01	5.90e-07	3.13e-07
 3.87628e+22	9.37e-01	6.34e-02	8.56e-05	6.10e-07	0.00e+00	0.00e+00	0.00e+00	0.00e+00	0.00e+00	9.37e-01	5.84e-07	3.08e-07
 3.87770e+22	9.38e-01	6.19e-02	8.59e-05	5.96e-07	0.00e+00	0.00e+00	0.00e+00	0.00e+00	0.00e+00	9.38e-01	5.78e-07	3.04e-07
 3.87918e+22	9.39e-01	6.05e-02	8.62e-05	5.82e-07	0.00e+00	0.00e+00	0.00e+00	0.00e+00	0.00e+00	9.39e-01	5.72e-07	3.00e-07
 3.88070e+22	9.41e-01	5.91e-02	8.66e-05	5.69e-07	0.00e+00	0.00e+00	0.00e+00	0.00e+00	0.00e+00	9.41e-01	5.66e-07	2.96e-07
 3.88220e+22	9.42e-01	5.80e-02	8.69e-05	5.59e-07	0.00e+00	0.00e+00	0.00e+00	0.00e+00	0.00e+00	9.42e-01	5.61e-07	2.93e-07
 3.88379e+22	9.43e-01	5.70e-02	8.73e-05	5.49e-07	0.00e+00	0.00e+00	0.00e+00	0.00e+00	0.00e+00	9.43e-01	5.56e-07	2.89e-07
 3.88552e+22	9.44e-01	5.58e-02	8.77e-05	5.38e-07	0.00e+00	0.00e+00	0.00e+00	0.00e+00	0.00e+00	9.44e-01	5.52e-07	2.86e-07
 3.88733e+22	9.45e-01	5.48e-02	8.81e-05	5.28e-07	0.00e+00	0.00e+00	0.00e+00	0.00e+00	0.00e+00	9.45e-01	5.47e-07	2.83e-07
 3.88933e+22	9.46e-01	5.39e-02	8.85e-05	5.19e-07	0.00e+00	0.00e+00	0.00e+00	0.00e+00	0.00e+00	9.46e-01	5.43e-07	2.80e-07
 3.89153e+22	9.47e-01	5.28e-02	8.89e-05	5.09e-07	0.00e+00	0.00e+00	0.00e+00	0.00e+00	0.00e+00	9.47e-01	5.39e-07	2.77e-07
 3.89390e+22	9.48e-01	5.20e-02	8.92e-05	5.01e-07	0.00e+00	0.00e+00	0.00e+00	0.00e+00	0.00e+00	9.48e-01	5.35e-07	2.75e-07
 3.89659e+22	9.49e-01	5.11e-02	8.95e-05	4.92e-07	0.00e+00	0.00e+00	0.00e+00	0.00e+00	0.00e+00	9.49e-01	5.32e-07	2.72e-07
 3.89968e+22	9.50e-01	5.02e-02	8.99e-05	4.83e-07	0.00e+00	0.00e+00	0.00e+00	0.00e+00	0.00e+00	9.50e-01	5.28e-07	2.70e-07
 3.90277e+22	9.50e-01	4.95e-02	9.01e-05	4.77e-07	0.00e+00	0.00e+00	0.00e+00	0.00e+00	0.00e+00	9.50e-01	5.25e-07	2.68e-07
 3.90558e+22	9.51e-01	4.92e-02	9.01e-05	4.73e-07	0.00e+00	0.00e+00	0.00e+00	0.00e+00	0.00e+00	9.51e-01	5.24e-07	2.67e-07
 3.90866e+22	9.51e-01	4.87e-02	9.05e-05	4.69e-07	0.00e+00	0.00e+00	0.00e+00	0.00e+00	0.00e+00	9.51e-01	5.22e-07	2.64e-07
 3.91199e+22	9.52e-01	4.82e-02	9.05e-05	4.63e-07	0.00e+00	0.00e+00	0.00e+00	0.00e+00	0.00e+00	9.52e-01	5.20e-07	2.63e-07
 3.91564e+22	9.52e-01	4.76e-02	9.07e-05	4.58e-07	0.00e+00	0.00e+00	0.00e+00	0.00e+00	0.00e+00	9.52e-01	5.18e-07	2.62e-07
 3.91958e+22	9.53e-01	4.73e-02	9.07e-05	4.54e-07	0.00e+00	0.00e+00	0.00e+00	0.00e+00	0.00e+00	9.53e-01	5.17e-07	2.61e-07
 3.92389e+22	9.53e-01	4.68e-02	9.08e-05	4.49e-07	0.00e+00	0.00e+00	0.00e+00	0.00e+00	0.00e+00	9.53e-01	5.15e-07	2.59e-07
 3.92950e+22	9.54e-01	4.61e-02	9.09e-05	4.41e-07	0.00e+00	0.00e+00	0.00e+00	0.00e+00	0.00e+00	9.54e-01	5.13e-07	2.57e-07
 3.93556e+22	9.54e-01	4.57e-02	9.08e-05	4.37e-07	0.00e+00	0.00e+00	0.00e+00	0.00e+00	0.00e+00	9.54e-01	5.12e-07	2.56e-07
 3.94219e+22	9.55e-01	4.51e-02	9.08e-05	4.31e-07	0.00e+00	0.00e+00	0.00e+00	0.00e+00	0.00e+00	9.55e-01	5.10e-07	2.54e-07
 3.94935e+22	9.55e-01	4.47e-02	9.06e-05	4.25e-07	0.00e+00	0.00e+00	0.00e+00	0.00e+00	0.00e+00	9.55e-01	5.09e-07	2.53e-07
 3.95720e+22	9.56e-01	4.41e-02	9.06e-05	4.18e-07	0.00e+00	0.00e+00	0.00e+00	0.00e+00	0.00e+00	9.56e-01	5.05e-07	2.51e-07
 3.96568e+22	9.56e-01	4.35e-02	9.05e-05	4.12e-07	0.00e+00	0.00e+00	0.00e+00	0.00e+00	0.00e+00	9.56e-01	5.03e-07	2.49e-07
 3.97496e+22	9.57e-01	4.29e-02	9.04e-05	4.05e-07	0.00e+00	0.00e+00	0.00e+00	0.00e+00	0.00e+00	9.57e-01	4.99e-07	2.47e-07
 3.98499e+22	9.58e-01	4.23e-02	9.01e-05	3.98e-07	0.00e+00	0.00e+00	0.00e+00	0.00e+00	0.00e+00	9.58e-01	4.97e-07	2.45e-07
 3.99411e+22	9.58e-01	4.18e-02	8.99e-05	3.92e-07	0.00e+00	0.00e+00	0.00e+00	0.00e+00	0.00e+00	9.58e-01	4.96e-07	2.44e-07
 4.00411e+22	9.59e-01	4.11e-02	8.98e-05	3.85e-07	0.00e+00	0.00e+00	0.00e+00	0.00e+00	0.00e+00	9.59e-01	4.92e-07	2.41e-07
 4.01490e+22	9.59e-01	4.05e-02	8.95e-05	3.78e-07	0.00e+00	0.00e+00	0.00e+00	0.00e+00	0.00e+00	9.59e-01	4.90e-07	2.40e-07
 4.02472e+22	9.60e-01	4.00e-02	8.92e-05	3.72e-07	0.00e+00	0.00e+00	0.00e+00	0.00e+00	0.00e+00	9.60e-01	4.88e-07	2.38e-07
 4.03548e+22	9.61e-01	3.93e-02	8.89e-05	3.64e-07	0.00e+00	0.00e+00	0.00e+00	0.00e+00	0.00e+00	9.61e-01	4.85e-07	2.36e-07
 4.04710e+22	9.61e-01	3.87e-02	8.85e-05	3.58e-07	0.00e+00	0.00e+00	0.00e+00	0.00e+00	0.00e+00	9.61e-01	4.83e-07	2.34e-07
 4.05767e+22	9.62e-01	3.83e-02	8.81e-05	3.53e-07	0.00e+00	0.00e+00	0.00e+00	0.00e+00	0.00e+00	9.62e-01	4.83e-07	2.33e-07
 4.06926e+22	9.62e-01	3.77e-02	8.77e-05	3.46e-07	0.00e+00	0.00e+00	0.00e+00	0.00e+00	0.00e+00	9.62e-01	4.80e-07	2.31e-07
 4.08177e+22	9.63e-01	3.71e-02	8.72e-05	3.39e-07	0.00e+00	0.00e+00	0.00e+00	0.00e+00	0.00e+00	9.63e-01	4.79e-07	2.29e-07
 4.09315e+22	9.63e-01	3.67e-02	8.67e-05	3.34e-07	0.00e+00	0.00e+00	0.00e+00	0.00e+00	0.00e+00	9.63e-01	4.78e-07	2.28e-07
 4.10562e+22	9.64e-01	3.60e-02	8.62e-05	3.27e-07	0.00e+00	0.00e+00	0.00e+00	0.00e+00	0.00e+00	9.64e-01	4.75e-07	2.26e-07
 4.11908e+22	9.64e-01	3.55e-02	8.57e-05	3.20e-07	0.00e+00	0.00e+00	0.00e+00	0.00e+00	0.00e+00	9.64e-01	4.74e-07	2.24e-07
 4.13134e+22	9.65e-01	3.50e-02	8.51e-05	3.15e-07	0.00e+00	0.00e+00	0.00e+00	0.00e+00	0.00e+00	9.65e-01	4.74e-07	2.23e-07
 4.14476e+22	9.66e-01	3.43e-02	8.45e-05	3.08e-07	0.00e+00	0.00e+00	0.00e+00	0.00e+00	0.00e+00	9.66e-01	4.71e-07	2.20e-07
 4.15926e+22	9.66e-01	3.38e-02	8.39e-05	3.01e-07	0.00e+00	0.00e+00	0.00e+00	0.00e+00	0.00e+00	9.66e-01	4.70e-07	2.19e-07
 4.17245e+22	9.67e-01	3.33e-02	8.32e-05	2.96e-07	0.00e+00	0.00e+00	0.00e+00	0.00e+00	0.00e+00	9.67e-01	4.70e-07	2.17e-07
 4.18690e+22	9.67e-01	3.26e-02	8.25e-05	2.89e-07	0.00e+00	0.00e+00	0.00e+00	0.00e+00	0.00e+00	9.67e-01	4.67e-07	2.15e-07
 4.20251e+22	9.68e-01	3.20e-02	8.17e-05	2.82e-07	0.00e+00	0.00e+00	0.00e+00	0.00e+00	0.00e+00	9.68e-01	4.66e-07	2.13e-07
 4.21671e+22	9.68e-01	3.15e-02	8.09e-05	2.77e-07	0.00e+00	0.00e+00	0.00e+00	0.00e+00	0.00e+00	9.68e-01	4.66e-07	2.11e-07
 4.22963e+22	9.69e-01	3.10e-02	8.01e-05	2.72e-07	0.00e+00	0.00e+00	0.00e+00	0.00e+00	0.00e+00	9.69e-01	4.65e-07	2.10e-07
 4.24139e+22	9.69e-01	3.06e-02	7.95e-05	2.67e-07	0.00e+00	0.00e+00	0.00e+00	0.00e+00	0.00e+00	9.69e-01	4.65e-07	2.08e-07
 4.25427e+22	9.70e-01	3.00e-02	7.87e-05	2.61e-07	0.00e+00	0.00e+00	0.00e+00	0.00e+00	0.00e+00	9.70e-01	4.62e-07	2.06e-07
 4.26818e+22	9.70e-01	2.95e-02	7.79e-05	2.56e-07	0.00e+00	0.00e+00	0.00e+00	0.00e+00	0.00e+00	9.70e-01	4.61e-07	2.04e-07
 4.28084e+22	9.71e-01	2.91e-02	7.72e-05	2.52e-07	0.00e+00	0.00e+00	0.00e+00	0.00e+00	0.00e+00	9.71e-01	4.61e-07	2.03e-07
 4.29471e+22	9.71e-01	2.85e-02	7.64e-05	2.46e-07	0.00e+00	0.00e+00	0.00e+00	0.00e+00	0.00e+00	9.71e-01	4.59e-07	2.01e-07
 4.30969e+22	9.72e-01	2.80e-02	7.56e-05	2.41e-07	0.00e+00	0.00e+00	0.00e+00	0.00e+00	0.00e+00	9.72e-01	4.58e-07	1.99e-07
 4.32332e+22	9.72e-01	2.76e-02	7.49e-05	2.36e-07	0.00e+00	0.00e+00	0.00e+00	0.00e+00	0.00e+00	9.72e-01	4.58e-07	1.97e-07
 4.33825e+22	9.73e-01	2.70e-02	7.41e-05	2.31e-07	0.00e+00	0.00e+00	0.00e+00	0.00e+00	0.00e+00	9.73e-01	4.55e-07	1.95e-07
 4.35437e+22	9.73e-01	2.65e-02	7.33e-05	2.25e-07	0.00e+00	0.00e+00	0.00e+00	0.00e+00	0.00e+00	9.73e-01	4.55e-07	1.93e-07
 4.36904e+22	9.74e-01	2.61e-02	7.26e-05	2.21e-07	0.00e+00	0.00e+00	0.00e+00	0.00e+00	0.00e+00	9.74e-01	4.55e-07	1.91e-07
 4.38239e+22	9.74e-01	2.57e-02	7.19e-05	2.17e-07	0.00e+00	0.00e+00	0.00e+00	0.00e+00	0.00e+00	9.74e-01	4.55e-07	1.90e-07
 4.39702e+22	9.75e-01	2.51e-02	7.12e-05	2.12e-07	0.00e+00	0.00e+00	0.00e+00	0.00e+00	0.00e+00	9.75e-01	4.52e-07	1.88e-07
 4.41281e+22	9.75e-01	2.47e-02	7.04e-05	2.08e-07	0.00e+00	0.00e+00	0.00e+00	0.00e+00	0.00e+00	9.75e-01	4.52e-07	1.86e-07
 4.42718e+22	9.76e-01	2.43e-02	6.98e-05	2.04e-07	0.00e+00	0.00e+00	0.00e+00	0.00e+00	0.00e+00	9.76e-01	4.51e-07	1.84e-07
 4.44293e+22	9.76e-01	2.39e-02	6.90e-05	1.98e-07	0.00e+00	0.00e+00	0.00e+00	0.00e+00	0.00e+00	9.76e-01	4.45e-07	1.81e-07
 4.45993e+22	9.76e-01	2.34e-02	6.83e-05	1.93e-07	0.00e+00	0.00e+00	0.00e+00	0.00e+00	0.00e+00	9.76e-01	4.41e-07	1.78e-07
 4.47541e+22	9.77e-01	2.31e-02	6.77e-05	1.89e-07	0.00e+00	0.00e+00	0.00e+00	0.00e+00	0.00e+00	9.77e-01	4.39e-07	1.76e-07
 4.49236e+22	9.77e-01	2.26e-02	6.69e-05	1.83e-07	0.00e+00	0.00e+00	0.00e+00	0.00e+00	0.00e+00	9.77e-01	4.33e-07	1.72e-07
 4.51066e+22	9.78e-01	2.22e-02	6.61e-05	1.78e-07	0.00e+00	0.00e+00	0.00e+00	0.00e+00	0.00e+00	9.78e-01	4.30e-07	1.69e-07
 4.52732e+22	9.78e-01	2.19e-02	6.55e-05	1.74e-07	0.00e+00	0.00e+00	0.00e+00	0.00e+00	0.00e+00	9.78e-01	4.27e-07	1.67e-07
 4.54557e+22	9.79e-01	2.14e-02	6.47e-05	1.69e-07	0.00e+00	0.00e+00	0.00e+00	0.00e+00	0.00e+00	9.79e-01	4.21e-07	1.63e-07
 4.56527e+22	9.79e-01	2.10e-02	6.39e-05	1.64e-07	0.00e+00	0.00e+00	0.00e+00	0.00e+00	0.00e+00	9.79e-01	4.18e-07	1.60e-07
 4.58320e+22	9.79e-01	2.06e-02	6.33e-05	1.60e-07	0.00e+00	0.00e+00	0.00e+00	0.00e+00	0.00e+00	9.79e-01	4.16e-07	1.57e-07
 4.60285e+22	9.80e-01	2.01e-02	6.25e-05	1.55e-07	0.00e+00	0.00e+00	0.00e+00	0.00e+00	0.00e+00	9.80e-01	4.10e-07	1.53e-07
 4.62406e+22	9.80e-01	1.97e-02	6.17e-05	1.50e-07	0.00e+00	0.00e+00	0.00e+00	0.00e+00	0.00e+00	9.80e-01	4.07e-07	1.50e-07
 4.64337e+22	9.81e-01	1.94e-02	6.10e-05	1.46e-07	0.00e+00	0.00e+00	0.00e+00	0.00e+00	0.00e+00	9.81e-01	4.05e-07	1.47e-07
 4.66093e+22	9.81e-01	1.91e-02	6.04e-05	1.43e-07	0.00e+00	0.00e+00	0.00e+00	0.00e+00	0.00e+00	9.81e-01	4.03e-07	1.45e-07
 4.68018e+22	9.81e-01	1.87e-02	5.97e-05	1.38e-07	0.00e+00	0.00e+00	0.00e+00	0.00e+00	0.00e+00	9.81e-01	3.97e-07	1.42e-07
 4.70096e+22	9.82e-01	1.83e-02	5.90e-05	1.34e-07	0.00e+00	0.00e+00	0.00e+00	0.00e+00	0.00e+00	9.82e-01	3.95e-07	1.39e-07
 4.71987e+22	9.82e-01	1.80e-02	5.84e-05	1.31e-07	0.00e+00	0.00e+00	0.00e+00	0.00e+00	0.00e+00	9.82e-01	3.92e-07	1.36e-07
 4.74059e+22	9.82e-01	1.76e-02	5.76e-05	1.27e-07	0.00e+00	0.00e+00	0.00e+00	0.00e+00	0.00e+00	9.82e-01	3.85e-07	1.33e-07
 4.76296e+22	9.83e-01	1.72e-02	5.69e-05	1.23e-07	0.00e+00	0.00e+00	0.00e+00	0.00e+00	0.00e+00	9.83e-01	3.82e-07	1.30e-07
 4.78332e+22	9.83e-01	1.69e-02	5.63e-05	1.20e-07	0.00e+00	0.00e+00	0.00e+00	0.00e+00	0.00e+00	9.83e-01	3.80e-07	1.27e-07
 4.80562e+22	9.83e-01	1.65e-02	5.55e-05	0.00e+00	0.00e+00	0.00e+00	0.00e+00	0.00e+00	0.00e+00	9.83e-01	3.73e-07	1.23e-07
 4.82971e+22	9.84e-01	1.62e-02	5.48e-05	0.00e+00	0.00e+00	0.00e+00	0.00e+00	0.00e+00	0.00e+00	9.84e-01	3.70e-07	1.20e-07
 4.85162e+22	9.84e-01	1.59e-02	5.42e-05	0.00e+00	0.00e+00	0.00e+00	0.00e+00	0.00e+00	0.00e+00	9.84e-01	3.67e-07	1.18e-07
 4.87156e+22	9.84e-01	1.56e-02	5.36e-05	0.00e+00	0.00e+00	0.00e+00	0.00e+00	0.00e+00	0.00e+00	9.84e-01	3.65e-07	1.16e-07
 4.89342e+22	9.85e-01	1.53e-02	5.29e-05	0.00e+00	0.00e+00	0.00e+00	0.00e+00	0.00e+00	0.00e+00	9.85e-01	3.58e-07	1.12e-07
 4.91701e+22	9.85e-01	1.49e-02	5.23e-05	0.00e+00	0.00e+00	0.00e+00	0.00e+00	0.00e+00	0.00e+00	9.85e-01	3.54e-07	1.09e-07
 4.93848e+22	9.85e-01	1.47e-02	5.17e-05	0.00e+00	0.00e+00	0.00e+00	0.00e+00	0.00e+00	0.00e+00	9.85e-01	3.52e-07	1.07e-07
 4.96200e+22	9.86e-01	1.43e-02	5.10e-05	0.00e+00	0.00e+00	0.00e+00	0.00e+00	0.00e+00	0.00e+00	9.86e-01	3.45e-07	1.04e-07
 4.98740e+22	9.86e-01	1.40e-02	5.03e-05	0.00e+00	0.00e+00	0.00e+00	0.00e+00	0.00e+00	0.00e+00	9.86e-01	3.42e-07	1.01e-07
 5.01051e+22	9.86e-01	1.38e-02	4.98e-05	0.00e+00	0.00e+00	0.00e+00	0.00e+00	0.00e+00	0.00e+00	9.86e-01	3.40e-07	9.91e-08
 5.03584e+22	9.87e-01	1.34e-02	4.91e-05	0.00e+00	0.00e+00	0.00e+00	0.00e+00	0.00e+00	0.00e+00	9.87e-01	3.33e-07	9.60e-08
 5.06318e+22	9.87e-01	1.31e-02	4.84e-05	0.00e+00	0.00e+00	0.00e+00	0.00e+00	0.00e+00	0.00e+00	9.87e-01	3.30e-07	9.36e-08
 5.08806e+22	9.87e-01	1.29e-02	4.78e-05	0.00e+00	0.00e+00	0.00e+00	0.00e+00	0.00e+00	0.00e+00	9.87e-01	3.28e-07	9.17e-08
 5.11532e+22	9.87e-01	1.26e-02	4.71e-05	0.00e+00	0.00e+00	0.00e+00	0.00e+00	0.00e+00	0.00e+00	9.87e-01	3.22e-07	8.88e-08
 5.14475e+22	9.88e-01	1.23e-02	4.64e-05	0.00e+00	0.00e+00	0.00e+00	0.00e+00	0.00e+00	0.00e+00	9.88e-01	3.19e-07	8.64e-08
