#depth	He	He+	He+2
 6.17135e+19	8.82e-09	1.14e-03	9.99e-01
 1.87609e+20	1.03e-08	1.25e-03	9.99e-01
 3.12995e+20	1.27e-08	1.37e-03	9.99e-01
 4.34564e+20	1.55e-08	1.50e-03	9.99e-01
 5.27656e+20	1.79e-08	1.59e-03	9.98e-01
 5.79382e+20	1.93e-08	1.65e-03	9.98e-01
 6.23078e+20	2.06e-08	1.70e-03	9.98e-01
 6.79884e+20	2.24e-08	1.76e-03	9.98e-01
 7.53731e+20	2.49e-08	1.85e-03	9.98e-01
 8.33336e+20	2.77e-08	1.94e-03	9.98e-01
 9.03856e+20	3.04e-08	2.02e-03	9.98e-01
 9.78959e+20	3.35e-08	2.11e-03	9.98e-01
 1.07659e+21	3.79e-08	2.23e-03	9.98e-01
 1.17694e+21	4.28e-08	2.36e-03	9.98e-01
 1.25488e+21	4.68e-08	2.46e-03	9.98e-01
 1.33027e+21	5.09e-08	2.56e-03	9.97e-01
 1.42826e+21	5.69e-08	2.70e-03	9.97e-01
 1.53107e+21	6.35e-08	2.84e-03	9.97e-01
 1.61753e+21	6.94e-08	2.96e-03	9.97e-01
 1.70736e+21	7.60e-08	3.09e-03	9.97e-01
 1.82414e+21	8.54e-08	3.27e-03	9.97e-01
 1.94493e+21	9.58e-08	3.45e-03	9.97e-01
 2.04457e+21	1.05e-07	3.60e-03	9.96e-01
 2.14776e+21	1.15e-07	3.77e-03	9.96e-01
 2.28190e+21	1.30e-07	3.99e-03	9.96e-01
 2.42309e+21	1.46e-07	4.22e-03	9.96e-01
 2.54163e+21	1.61e-07	4.43e-03	9.96e-01
 2.66394e+21	1.77e-07	4.64e-03	9.95e-01
 2.82294e+21	2.01e-07	4.93e-03	9.95e-01
 2.98780e+21	2.28e-07	5.24e-03	9.95e-01
 3.12291e+21	2.52e-07	5.49e-03	9.95e-01
 3.26119e+21	2.78e-07	5.77e-03	9.94e-01
 3.44095e+21	3.15e-07	6.13e-03	9.94e-01
 3.61885e+21	3.55e-07	6.49e-03	9.94e-01
 3.75733e+21	3.88e-07	6.78e-03	9.93e-01
 3.90035e+21	4.26e-07	7.09e-03	9.93e-01
 4.08628e+21	4.79e-07	7.52e-03	9.92e-01
 4.28690e+21	5.41e-07	7.97e-03	9.92e-01
 4.46830e+21	6.01e-07	8.39e-03	9.92e-01
 4.63127e+21	6.60e-07	8.79e-03	9.91e-01
 4.80865e+21	7.29e-07	9.23e-03	9.91e-01
 5.03924e+21	8.29e-07	9.83e-03	9.90e-01
 5.27131e+21	9.35e-07	1.04e-02	9.90e-01
 5.45495e+21	1.03e-06	1.09e-02	9.89e-01
 5.64337e+21	1.13e-06	1.15e-02	9.89e-01
 5.88830e+21	1.28e-06	1.22e-02	9.88e-01
 6.13645e+21	1.44e-06	1.29e-02	9.87e-01
 6.33892e+21	1.58e-06	1.36e-02	9.86e-01
 6.55228e+21	1.74e-06	1.43e-02	9.86e-01
 6.82964e+21	1.98e-06	1.52e-02	9.85e-01
 7.11101e+21	2.24e-06	1.62e-02	9.84e-01
 7.34458e+21	2.47e-06	1.71e-02	9.83e-01
 7.59521e+21	2.75e-06	1.81e-02	9.82e-01
 7.92103e+21	3.16e-06	1.95e-02	9.81e-01
 8.25000e+21	3.60e-06	2.09e-02	9.79e-01
 8.52124e+21	4.00e-06	2.22e-02	9.78e-01
 8.81202e+21	4.50e-06	2.37e-02	9.76e-01
 9.13739e+21	5.11e-06	2.54e-02	9.75e-01
 9.43875e+21	5.73e-06	2.71e-02	9.73e-01
 9.71598e+21	6.37e-06	2.88e-02	9.71e-01
 1.00308e+22	7.21e-06	3.10e-02	9.69e-01
 1.03805e+22	8.23e-06	3.36e-02	9.66e-01
 1.07042e+22	9.28e-06	3.62e-02	9.64e-01
 1.10059e+22	1.04e-05	3.89e-02	9.61e-01
 1.13502e+22	1.19e-05	4.24e-02	9.58e-01
 1.17277e+22	1.38e-05	4.66e-02	9.53e-01
 1.20683e+22	1.57e-05	5.09e-02	9.49e-01
 1.23795e+22	1.77e-05	5.53e-02	9.45e-01
 1.27323e+22	2.05e-05	6.11e-02	9.39e-01
 1.31167e+22	2.40e-05	6.84e-02	9.32e-01
 1.34583e+22	2.76e-05	7.58e-02	9.24e-01
 1.37658e+22	3.15e-05	8.37e-02	9.16e-01
 1.41128e+22	3.68e-05	9.40e-02	9.06e-01
 1.44876e+22	4.36e-05	1.07e-01	8.93e-01
 1.48149e+22	5.09e-05	1.22e-01	8.78e-01
 1.51037e+22	5.87e-05	1.36e-01	8.64e-01
 1.54260e+22	6.96e-05	1.56e-01	8.44e-01
 1.57515e+22	8.27e-05	1.80e-01	8.20e-01
 1.60108e+22	9.57e-05	2.03e-01	7.97e-01
 1.62404e+22	1.09e-04	2.27e-01	7.73e-01
 1.64588e+22	1.25e-04	2.53e-01	7.47e-01
 1.66602e+22	1.41e-04	2.80e-01	7.20e-01
 1.68827e+22	1.62e-04	3.13e-01	6.86e-01
 1.71189e+22	1.87e-04	3.53e-01	6.47e-01
 1.73207e+22	2.11e-04	3.90e-01	6.09e-01
 1.75310e+22	2.39e-04	4.32e-01	5.68e-01
 1.77577e+22	2.73e-04	4.79e-01	5.20e-01
 1.79606e+22	3.06e-04	5.23e-01	4.77e-01
 1.81793e+22	3.44e-04	5.70e-01	4.30e-01
 1.84160e+22	3.86e-04	6.19e-01	3.81e-01
 1.86259e+22	4.24e-04	6.60e-01	3.40e-01
 1.88179e+22	4.60e-04	6.95e-01	3.05e-01
 1.90372e+22	5.02e-04	7.31e-01	2.68e-01
 1.92794e+22	5.47e-04	7.67e-01	2.32e-01
 1.94903e+22	5.86e-04	7.94e-01	2.05e-01
 1.97031e+22	6.25e-04	8.18e-01	1.81e-01
 1.99798e+22	6.76e-04	8.45e-01	1.54e-01
 2.02832e+22	7.28e-04	8.69e-01	1.30e-01
 2.05716e+22	7.77e-04	8.88e-01	1.11e-01
 2.08669e+22	8.27e-04	9.04e-01	9.52e-02
 2.11951e+22	8.81e-04	9.18e-01	8.08e-02
 2.15596e+22	9.40e-04	9.31e-01	6.81e-02
 2.19567e+22	1.00e-03	9.42e-01	5.70e-02
 2.23885e+22	1.07e-03	9.51e-01	4.77e-02
 2.28696e+22	1.15e-03	9.59e-01	3.95e-02
 2.34274e+22	1.23e-03	9.66e-01	3.23e-02
 2.40092e+22	1.33e-03	9.72e-01	2.67e-02
 2.45619e+22	1.42e-03	9.76e-01	2.26e-02
 2.51884e+22	1.52e-03	9.80e-01	1.89e-02
 2.60028e+22	1.67e-03	9.83e-01	1.52e-02
 2.68514e+22	1.82e-03	9.86e-01	1.25e-02
 2.75740e+22	1.97e-03	9.87e-01	1.07e-02
 2.82379e+22	2.12e-03	9.88e-01	9.42e-03
 2.88475e+22	2.26e-03	9.89e-01	8.43e-03
 2.93128e+22	2.39e-03	9.90e-01	7.80e-03
 2.96504e+22	2.48e-03	9.90e-01	7.40e-03
 3.00004e+22	2.58e-03	9.90e-01	6.99e-03
 3.04554e+22	2.73e-03	9.91e-01	6.50e-03
 3.09080e+22	2.89e-03	9.91e-01	6.07e-03
 3.12318e+22	3.02e-03	9.91e-01	5.81e-03
 3.14724e+22	3.12e-03	9.91e-01	5.63e-03
 3.17305e+22	3.24e-03	9.91e-01	5.44e-03
 3.20660e+22	3.40e-03	9.91e-01	5.19e-03
 3.23987e+22	3.58e-03	9.91e-01	4.97e-03
 3.26386e+22	3.73e-03	9.91e-01	4.84e-03
 3.28219e+22	3.85e-03	9.91e-01	4.74e-03
 3.30212e+22	3.99e-03	9.91e-01	4.62e-03
 3.32802e+22	4.18e-03	9.91e-01	4.47e-03
 3.35378e+22	4.40e-03	9.91e-01	4.34e-03
 3.37244e+22	4.58e-03	9.91e-01	4.25e-03
 3.38683e+22	4.73e-03	9.91e-01	4.19e-03
 3.40256e+22	4.90e-03	9.91e-01	4.11e-03
 3.42301e+22	5.14e-03	9.91e-01	4.01e-03
 3.44349e+22	5.41e-03	9.91e-01	3.92e-03
 3.45857e+22	5.65e-03	9.90e-01	3.86e-03
 3.47031e+22	5.84e-03	9.90e-01	3.81e-03
 3.48318e+22	6.06e-03	9.90e-01	3.76e-03
 3.49991e+22	6.38e-03	9.90e-01	3.69e-03
 3.51677e+22	6.75e-03	9.90e-01	3.62e-03
 3.52938e+22	7.06e-03	9.89e-01	3.57e-03
 3.53937e+22	7.33e-03	9.89e-01	3.53e-03
 3.55038e+22	7.64e-03	9.89e-01	3.49e-03
 3.56469e+22	8.08e-03	9.88e-01	3.44e-03
 3.57924e+22	8.63e-03	9.88e-01	3.38e-03
 3.59036e+22	9.11e-03	9.88e-01	3.35e-03
 3.59938e+22	9.54e-03	9.87e-01	3.31e-03
 3.60940e+22	1.00e-02	9.87e-01	3.28e-03
 3.62243e+22	1.08e-02	9.86e-01	3.23e-03
 3.63568e+22	1.17e-02	9.85e-01	3.19e-03
 3.64566e+22	1.25e-02	9.84e-01	3.16e-03
 3.65332e+22	1.32e-02	9.84e-01	3.13e-03
 3.66153e+22	1.40e-02	9.83e-01	3.11e-03
 3.67219e+22	1.52e-02	9.82e-01	3.07e-03
 3.68315e+22	1.67e-02	9.80e-01	3.04e-03
 3.69157e+22	1.82e-02	9.79e-01	3.02e-03
 3.69820e+22	1.95e-02	9.78e-01	3.00e-03
 3.70541e+22	2.10e-02	9.76e-01	2.98e-03
 3.71327e+22	2.30e-02	9.74e-01	2.97e-03
 3.71993e+22	2.51e-02	9.72e-01	2.96e-03
 3.72519e+22	2.70e-02	9.70e-01	2.95e-03
 3.73067e+22	2.91e-02	9.68e-01	2.94e-03
 3.73683e+22	3.19e-02	9.65e-01	2.93e-03
 3.74236e+22	3.49e-02	9.62e-01	2.93e-03
 3.74686e+22	3.78e-02	9.59e-01	2.93e-03
 3.75094e+22	4.07e-02	9.56e-01	2.94e-03
 3.75561e+22	4.42e-02	9.53e-01	2.95e-03
 3.76169e+22	4.94e-02	9.48e-01	2.97e-03
 3.76758e+22	5.59e-02	9.41e-01	3.00e-03
 3.77164e+22	6.16e-02	9.35e-01	3.03e-03
 3.77478e+22	6.64e-02	9.31e-01	3.05e-03
 3.77754e+22	7.09e-02	9.26e-01	3.07e-03
 3.77989e+22	7.54e-02	9.22e-01	3.08e-03
 3.78216e+22	7.96e-02	9.17e-01	3.11e-03
 3.78461e+22	8.48e-02	9.12e-01	3.13e-03
 3.78721e+22	9.05e-02	9.06e-01	3.17e-03
 3.78973e+22	9.69e-02	9.00e-01	3.20e-03
 3.79212e+22	1.03e-01	8.93e-01	3.24e-03
 3.79445e+22	1.10e-01	8.86e-01	3.28e-03
 3.79687e+22	1.18e-01	8.79e-01	3.33e-03
 3.79943e+22	1.27e-01	8.70e-01	3.38e-03
 3.80202e+22	1.37e-01	8.60e-01	3.44e-03
 3.80459e+22	1.47e-01	8.49e-01	3.52e-03
 3.80713e+22	1.59e-01	8.37e-01	3.59e-03
 3.80963e+22	1.71e-01	8.25e-01	3.66e-03
 3.81156e+22	1.82e-01	8.14e-01	3.75e-03
 3.81275e+22	1.90e-01	8.07e-01	3.77e-03
 3.81386e+22	1.97e-01	8.00e-01	3.78e-03
 3.81531e+22	2.06e-01	7.90e-01	3.81e-03
 3.81696e+22	2.17e-01	7.79e-01	3.87e-03
 3.81844e+22	2.27e-01	7.69e-01	3.94e-03
 3.81969e+22	2.36e-01	7.60e-01	3.97e-03
 3.82091e+22	2.45e-01	7.51e-01	4.01e-03
 3.82229e+22	2.56e-01	7.40e-01	4.05e-03
 3.82378e+22	2.68e-01	7.28e-01	4.11e-03
 3.82513e+22	2.80e-01	7.16e-01	4.16e-03
 3.82630e+22	2.90e-01	7.06e-01	4.20e-03
 3.82751e+22	3.02e-01	6.94e-01	4.23e-03
 3.82890e+22	3.15e-01	6.81e-01	4.28e-03
 3.83031e+22	3.28e-01	6.68e-01	4.34e-03
 3.83154e+22	3.40e-01	6.55e-01	4.38e-03
 3.83268e+22	3.53e-01	6.43e-01	4.40e-03
 3.83393e+22	3.67e-01	6.29e-01	4.42e-03
 3.83528e+22	3.82e-01	6.14e-01	4.47e-03
 3.83658e+22	3.96e-01	6.00e-01	4.52e-03
 3.83778e+22	4.10e-01	5.86e-01	4.53e-03
 3.83897e+22	4.25e-01	5.71e-01	4.54e-03
 3.84025e+22	4.40e-01	5.55e-01	4.56e-03
 3.84156e+22	4.56e-01	5.40e-01	4.59e-03
 3.84284e+22	4.72e-01	5.23e-01	4.59e-03
 3.84405e+22	4.88e-01	5.08e-01	4.59e-03
 3.84526e+22	5.04e-01	4.92e-01	4.57e-03
 3.84654e+22	5.20e-01	4.75e-01	4.55e-03
 3.84785e+22	5.37e-01	4.58e-01	4.54e-03
 3.84908e+22	5.54e-01	4.42e-01	4.51e-03
 3.85025e+22	5.70e-01	4.26e-01	4.47e-03
 3.85147e+22	5.86e-01	4.10e-01	4.42e-03
 3.85274e+22	6.03e-01	3.93e-01	4.36e-03
 3.85400e+22	6.19e-01	3.77e-01	4.31e-03
 3.85519e+22	6.34e-01	3.61e-01	4.24e-03
 3.85638e+22	6.50e-01	3.46e-01	4.17e-03
 3.85764e+22	6.66e-01	3.30e-01	4.08e-03
 3.85894e+22	6.82e-01	3.14e-01	3.99e-03
 3.86020e+22	6.97e-01	2.99e-01	3.90e-03
 3.86144e+22	7.11e-01	2.85e-01	3.79e-03
 3.86274e+22	7.26e-01	2.70e-01	3.66e-03
 3.86411e+22	7.41e-01	2.55e-01	3.54e-03
 3.86551e+22	7.55e-01	2.41e-01	3.42e-03
 3.86689e+22	7.69e-01	2.28e-01	3.29e-03
 3.86827e+22	7.82e-01	2.15e-01	3.16e-03
 3.86967e+22	7.94e-01	2.03e-01	3.03e-03
 3.87102e+22	8.05e-01	1.92e-01	2.90e-03
 3.87235e+22	8.16e-01	1.82e-01	2.78e-03
 3.87362e+22	8.25e-01	1.73e-01	2.66e-03
 3.87492e+22	8.34e-01	1.64e-01	2.55e-03
 3.87628e+22	8.42e-01	1.56e-01	2.45e-03
 3.87770e+22	8.50e-01	1.48e-01	2.34e-03
 3.87918e+22	8.57e-01	1.41e-01	2.24e-03
 3.88070e+22	8.64e-01	1.34e-01	2.14e-03
 3.88220e+22	8.70e-01	1.28e-01	2.06e-03
 3.88379e+22	8.76e-01	1.22e-01	1.97e-03
 3.88552e+22	8.81e-01	1.17e-01	1.89e-03
 3.88733e+22	8.86e-01	1.12e-01	1.82e-03
 3.88933e+22	8.91e-01	1.08e-01	1.74e-03
 3.89153e+22	8.95e-01	1.03e-01	1.68e-03
 3.89390e+22	8.99e-01	9.97e-02	1.62e-03
 3.89659e+22	9.02e-01	9.61e-02	1.56e-03
 3.89968e+22	9.05e-01	9.30e-02	1.51e-03
 3.90277e+22	9.08e-01	9.07e-02	1.47e-03
 3.90558e+22	9.10e-01	8.88e-02	1.43e-03
 3.90866e+22	9.12e-01	8.70e-02	1.39e-03
 3.91199e+22	9.13e-01	8.58e-02	1.37e-03
 3.91564e+22	9.14e-01	8.44e-02	1.34e-03
 3.91958e+22	9.15e-01	8.37e-02	1.33e-03
 3.92389e+22	9.16e-01	8.26e-02	1.30e-03
 3.92950e+22	9.17e-01	8.15e-02	1.27e-03
 3.93556e+22	9.18e-01	8.09e-02	1.26e-03
 3.94219e+22	9.19e-01	7.99e-02	1.23e-03
 3.94935e+22	9.20e-01	7.92e-02	1.20e-03
 3.95720e+22	9.21e-01	7.83e-02	1.18e-03
 3.96568e+22	9.21e-01	7.75e-02	1.15e-03
 3.97496e+22	9.22e-01	7.65e-02	1.12e-03
 3.98499e+22	9.23e-01	7.56e-02	1.09e-03
 3.99411e+22	9.24e-01	7.48e-02	1.07e-03
 4.00411e+22	9.25e-01	7.37e-02	1.04e-03
 4.01490e+22	9.26e-01	7.28e-02	1.01e-03
 4.02472e+22	9.27e-01	7.20e-02	9.90e-04
 4.03548e+22	9.28e-01	7.09e-02	9.59e-04
 4.04710e+22	9.29e-01	7.00e-02	9.35e-04
 4.05767e+22	9.30e-01	6.93e-02	9.15e-04
 4.06926e+22	9.31e-01	6.83e-02	8.88e-04
 4.08177e+22	9.32e-01	6.74e-02	8.64e-04
 4.09315e+22	9.33e-01	6.66e-02	8.44e-04
 4.10562e+22	9.34e-01	6.56e-02	8.17e-04
 4.11908e+22	9.35e-01	6.47e-02	7.94e-04
 4.13134e+22	9.35e-01	6.39e-02	7.74e-04
 4.14476e+22	9.36e-01	6.28e-02	7.49e-04
 4.15926e+22	9.37e-01	6.19e-02	7.26e-04
 4.17245e+22	9.38e-01	6.11e-02	7.07e-04
 4.18690e+22	9.39e-01	6.00e-02	6.82e-04
 4.20251e+22	9.40e-01	5.91e-02	6.60e-04
 4.21671e+22	9.41e-01	5.82e-02	6.41e-04
 4.22963e+22	9.42e-01	5.75e-02	6.24e-04
 4.24139e+22	9.43e-01	5.68e-02	6.09e-04
 4.25427e+22	9.44e-01	5.59e-02	5.89e-04
 4.26818e+22	9.44e-01	5.51e-02	5.73e-04
 4.28084e+22	9.45e-01	5.44e-02	5.59e-04
 4.29471e+22	9.46e-01	5.35e-02	5.40e-04
 4.30969e+22	9.47e-01	5.27e-02	5.23e-04
 4.32332e+22	9.47e-01	5.20e-02	5.10e-04
 4.33825e+22	9.48e-01	5.11e-02	4.92e-04
 4.35437e+22	9.49e-01	5.03e-02	4.76e-04
 4.36904e+22	9.50e-01	4.96e-02	4.63e-04
 4.38239e+22	9.51e-01	4.90e-02	4.52e-04
 4.39702e+22	9.51e-01	4.81e-02	4.36e-04
 4.41281e+22	9.52e-01	4.74e-02	4.23e-04
 4.42718e+22	9.53e-01	4.68e-02	4.12e-04
 4.44293e+22	9.54e-01	4.60e-02	3.99e-04
 4.45993e+22	9.54e-01	4.53e-02	3.87e-04
 4.47541e+22	9.55e-01	4.48e-02	3.77e-04
 4.49236e+22	9.56e-01	4.40e-02	3.64e-04
 4.51066e+22	9.56e-01	4.33e-02	3.53e-04
 4.52732e+22	9.57e-01	4.27e-02	3.43e-04
 4.54557e+22	9.58e-01	4.20e-02	3.31e-04
 4.56527e+22	9.58e-01	4.13e-02	3.20e-04
 4.58320e+22	9.59e-01	4.07e-02	3.11e-04
 4.60285e+22	9.60e-01	3.99e-02	2.99e-04
 4.62406e+22	9.60e-01	3.92e-02	2.89e-04
 4.64337e+22	9.61e-01	3.86e-02	2.81e-04
 4.66093e+22	9.62e-01	3.81e-02	2.73e-04
 4.68018e+22	9.62e-01	3.75e-02	2.64e-04
 4.70096e+22	9.63e-01	3.68e-02	2.55e-04
 4.71987e+22	9.63e-01	3.64e-02	2.49e-04
 4.74059e+22	9.64e-01	3.57e-02	2.39e-04
 4.76296e+22	9.65e-01	3.51e-02	2.31e-04
 4.78332e+22	9.65e-01	3.46e-02	2.24e-04
 4.80562e+22	9.66e-01	3.39e-02	2.16e-04
 4.82971e+22	9.67e-01	3.33e-02	2.08e-04
 4.85162e+22	9.67e-01	3.28e-02	2.02e-04
 4.87156e+22	9.67e-01	3.24e-02	1.97e-04
 4.89342e+22	9.68e-01	3.18e-02	1.90e-04
 4.91701e+22	9.69e-01	3.12e-02	1.84e-04
 4.93848e+22	9.69e-01	3.08e-02	1.79e-04
 4.96200e+22	9.70e-01	3.02e-02	1.72e-04
 4.98740e+22	9.70e-01	2.97e-02	1.66e-04
 5.01051e+22	9.71e-01	2.93e-02	1.61e-04
 5.03584e+22	9.71e-01	2.87e-02	1.55e-04
 5.06318e+22	9.72e-01	2.82e-02	1.50e-04
 5.08806e+22	9.72e-01	2.78e-02	1.45e-04
 5.11532e+22	9.73e-01	2.72e-02	1.39e-04
 5.14475e+22	9.73e-01	2.67e-02	1.34e-04
 5.17154e+22	9.74e-01	2.63e-02	1.30e-04
 5.19591e+22	9.74e-01	2.59e-02	1.27e-04
 5.22262e+22	9.74e-01	2.55e-02	1.22e-04
 5.25145e+22	9.75e-01	2.50e-02	1.18e-04
 5.28305e+22	9.75e-01	2.45e-02	1.13e-04
 5.31716e+22	9.76e-01	2.40e-02	1.09e-04
 5.34820e+22	9.76e-01	2.36e-02	1.05e-04
 5.38222e+22	9.77e-01	2.31e-02	1.01e-04
 5.41894e+22	9.77e-01	2.27e-02	9.67e-05
 5.45235e+22	9.78e-01	2.22e-02	9.33e-05
 5.48276e+22	9.78e-01	2.19e-02	9.03e-05
 5.51609e+22	9.78e-01	2.15e-02	8.67e-05
 5.55206e+22	9.79e-01	2.11e-02	8.36e-05
 5.58480e+22	9.79e-01	2.07e-02	8.08e-05
 5.62067e+22	9.80e-01	2.03e-02	7.75e-05
 5.65939e+22	9.80e-01	1.99e-02	7.47e-05
 5.69464e+22	9.80e-01	1.96e-02	7.21e-05
 5.73325e+22	9.81e-01	1.91e-02	6.91e-05
 5.77494e+22	9.81e-01	1.88e-02	6.64e-05
 5.81288e+22	9.82e-01	1.84e-02	6.40e-05
 5.85446e+22	9.82e-01	1.80e-02	6.13e-05
 5.89934e+22	9.82e-01	1.77e-02	5.89e-05
 5.94018e+22	9.83e-01	1.73e-02	5.67e-05
 5.97734e+22	9.83e-01	1.71e-02	5.49e-05
 6.01807e+22	9.83e-01	1.67e-02	5.27e-05
 6.06204e+22	9.84e-01	1.64e-02	5.08e-05
 6.10205e+22	9.84e-01	1.61e-02	4.90e-05
 6.14589e+22	9.84e-01	1.58e-02	4.71e-05
 6.19322e+22	9.84e-01	1.55e-02	4.53e-05
 6.23630e+22	9.85e-01	1.52e-02	4.37e-05
 6.28349e+22	9.85e-01	1.49e-02	4.20e-05
 6.33445e+22	9.85e-01	1.46e-02	4.03e-05
 6.38082e+22	9.86e-01	1.43e-02	3.88e-05
 6.43163e+22	9.86e-01	1.41e-02	3.73e-05
 6.48648e+22	9.86e-01	1.37e-02	3.57e-05
 6.53640e+22	9.86e-01	1.35e-02	3.44e-05
 6.59110e+22	9.87e-01	1.32e-02	3.30e-05
 6.65015e+22	9.87e-01	1.29e-02	3.15e-05
 6.71486e+22	9.87e-01	1.26e-02	3.00e-05
 6.79340e+22	9.88e-01	1.22e-02	2.83e-05
 6.87644e+22	9.88e-01	1.19e-02	2.67e-05
 6.96141e+22	9.88e-01	1.15e-02	2.51e-05
 7.05036e+22	9.89e-01	1.12e-02	2.37e-05
 7.14163e+22	9.89e-01	1.08e-02	2.23e-05
 7.23556e+22	9.89e-01	1.05e-02	2.09e-05
 7.33215e+22	9.90e-01	1.02e-02	1.97e-05
 7.43119e+22	9.90e-01	9.89e-03	1.85e-05
 7.53287e+22	9.90e-01	9.58e-03	1.74e-05
 7.63744e+22	9.91e-01	9.29e-03	1.63e-05
 7.74486e+22	9.91e-01	9.00e-03	1.53e-05
 7.85487e+22	9.91e-01	8.72e-03	1.44e-05
 7.96808e+22	9.92e-01	8.45e-03	1.35e-05
 8.08452e+22	9.92e-01	8.18e-03	1.27e-05
 8.20305e+22	9.92e-01	7.92e-03	1.19e-05
 8.32474e+22	9.92e-01	7.68e-03	1.12e-05
 8.45044e+22	9.93e-01	7.43e-03	1.05e-05
 8.57949e+22	9.93e-01	7.20e-03	9.82e-06
 8.71218e+22	9.93e-01	6.97e-03	9.21e-06
 8.84883e+22	9.93e-01	6.74e-03	8.63e-06
 8.98928e+22	9.93e-01	6.53e-03	8.08e-06
 9.13353e+22	9.94e-01	6.32e-03	7.57e-06
 9.28226e+22	9.94e-01	6.11e-03	7.09e-06
 9.43644e+22	9.94e-01	5.91e-03	6.64e-06
 9.59756e+22	9.94e-01	5.72e-03	6.21e-06
 9.76546e+22	9.94e-01	5.53e-03	5.80e-06
 9.93890e+22	9.95e-01	5.34e-03	5.42e-06
 1.01184e+23	9.95e-01	5.16e-03	5.06e-06
 1.03047e+23	9.95e-01	4.98e-03	4.72e-06
 1.04974e+23	9.95e-01	4.81e-03	4.40e-06
 1.06977e+23	9.95e-01	4.65e-03	4.11e-06
 1.09067e+23	9.96e-01	4.49e-03	3.83e-06
 1.11249e+23	9.96e-01	4.33e-03	3.56e-06
 1.13538e+23	9.96e-01	4.17e-03	3.32e-06
 1.15958e+23	9.96e-01	4.02e-03	3.08e-06
 1.18517e+23	9.96e-01	3.88e-03	2.86e-06
 1.21197e+23	9.96e-01	3.73e-03	2.65e-06
 1.24015e+23	9.96e-01	3.59e-03	2.46e-06
 1.26986e+23	9.97e-01	3.46e-03	2.28e-06
 1.30115e+23	9.97e-01	3.32e-03	2.10e-06
 1.33427e+23	9.97e-01	3.20e-03	1.95e-06
 1.36960e+23	9.97e-01	3.07e-03	1.80e-06
 1.40742e+23	9.97e-01	2.95e-03	1.66e-06
 1.44791e+23	9.97e-01	2.83e-03	1.52e-06
 1.49133e+23	9.97e-01	2.71e-03	1.40e-06
 1.53791e+23	9.97e-01	2.60e-03	1.29e-06
 1.58826e+23	9.98e-01	2.49e-03	1.18e-06
 1.64200e+23	9.98e-01	2.38e-03	1.08e-06
 1.69768e+23	9.98e-01	2.28e-03	9.96e-07
 1.75477e+23	9.98e-01	2.19e-03	9.20e-07
 1.81358e+23	9.98e-01	2.11e-03	8.51e-07
 1.87448e+23	9.98e-01	2.03e-03	7.90e-07
 1.93738e+23	9.98e-01	1.96e-03	7.36e-07
 2.00215e+23	9.98e-01	1.90e-03	6.88e-07
 2.06890e+23	9.98e-01	1.84e-03	6.45e-07
 2.13785e+23	9.98e-01	1.78e-03	6.07e-07
 2.20882e+23	9.98e-01	1.73e-03	5.73e-07
 2.28182e+23	9.98e-01	1.68e-03	5.42e-07
 2.35568e+23	9.98e-01	1.64e-03	5.16e-07
 2.42559e+23	9.98e-01	1.61e-03	4.93e-07
 2.48852e+23	9.98e-01	1.58e-03	4.74e-07
 2.54515e+23	9.98e-01	1.55e-03	4.60e-07
 2.59611e+23	9.98e-01	1.53e-03	4.49e-07
 2.64198e+23	9.98e-01	1.52e-03	4.39e-07
 2.68327e+23	9.98e-01	1.50e-03	4.31e-07
 2.72042e+23	9.99e-01	1.49e-03	4.25e-07
 2.75386e+23	9.99e-01	1.48e-03	4.19e-07
 2.78497e+23	9.99e-01	1.47e-03	4.15e-07
 2.81552e+23	9.99e-01	1.47e-03	4.11e-07
 2.84607e+23	9.99e-01	1.46e-03	4.07e-07
 2.87662e+23	9.99e-01	1.45e-03	4.03e-07
 2.90717e+23	9.99e-01	1.45e-03	4.00e-07
 2.93772e+23	9.99e-01	1.44e-03	3.97e-07
 2.96826e+23	9.99e-01	1.44e-03	3.94e-07
 2.99881e+23	9.99e-01	1.43e-03	3.91e-07
 3.02936e+23	9.99e-01	1.43e-03	3.89e-07
 3.04973e+23	9.99e-01	1.42e-03	3.86e-07
