#depth	H	H+	H2
 6.17135e+19	4.80e-06	1.00e+00	1.55e-26
 1.87609e+20	5.30e-06	1.00e+00	1.69e-26
 3.12995e+20	5.84e-06	1.00e+00	2.59e-26
 4.34564e+20	6.39e-06	1.00e+00	4.16e-26
 5.27656e+20	6.82e-06	1.00e+00	5.89e-26
 5.79382e+20	7.06e-06	1.00e+00	6.92e-26
 6.23078e+20	7.28e-06	1.00e+00	8.14e-26
 6.79884e+20	7.56e-06	1.00e+00	9.81e-26
 7.53731e+20	7.93e-06	1.00e+00	1.26e-25
 8.33336e+20	8.34e-06	1.00e+00	1.62e-25
 9.03856e+20	8.71e-06	1.00e+00	2.00e-25
 9.78959e+20	9.12e-06	1.00e+00	2.50e-25
 1.07659e+21	9.66e-06	1.00e+00	3.31e-25
 1.17694e+21	1.02e-05	1.00e+00	4.33e-25
 1.25488e+21	1.07e-05	1.00e+00	5.24e-25
 1.33027e+21	1.11e-05	1.00e+00	6.34e-25
 1.42826e+21	1.17e-05	1.00e+00	8.15e-25
 1.53107e+21	1.24e-05	1.00e+00	1.04e-24
 1.61753e+21	1.29e-05	1.00e+00	1.25e-24
 1.70736e+21	1.35e-05	1.00e+00	1.53e-24
 1.82414e+21	1.43e-05	1.00e+00	1.99e-24
 1.94493e+21	1.51e-05	1.00e+00	2.55e-24
 2.04457e+21	1.58e-05	1.00e+00	3.10e-24
 2.14776e+21	1.66e-05	1.00e+00	3.81e-24
 2.28190e+21	1.76e-05	1.00e+00	4.95e-24
 2.42309e+21	1.86e-05	1.00e+00	6.40e-24
 2.54163e+21	1.96e-05	1.00e+00	7.86e-24
 2.66394e+21	2.06e-05	1.00e+00	9.76e-24
 2.82294e+21	2.19e-05	1.00e+00	1.29e-23
 2.98780e+21	2.33e-05	1.00e+00	1.68e-23
 3.12291e+21	2.45e-05	1.00e+00	2.06e-23
 3.26119e+21	2.57e-05	1.00e+00	2.56e-23
 3.44095e+21	2.74e-05	1.00e+00	3.38e-23
 3.61885e+21	2.91e-05	1.00e+00	4.34e-23
 3.75733e+21	3.04e-05	1.00e+00	5.24e-23
 3.90035e+21	3.19e-05	1.00e+00	6.40e-23
 4.08628e+21	3.38e-05	1.00e+00	8.27e-23
 4.28690e+21	3.59e-05	1.00e+00	1.07e-22
 4.46830e+21	3.79e-05	1.00e+00	1.34e-22
 4.63127e+21	3.97e-05	1.00e+00	1.63e-22
 4.80865e+21	4.17e-05	1.00e+00	2.03e-22
 5.03924e+21	4.45e-05	1.00e+00	2.67e-22
 5.27131e+21	4.73e-05	1.00e+00	3.46e-22
 5.45495e+21	4.96e-05	1.00e+00	4.22e-22
 5.64337e+21	5.20e-05	1.00e+00	5.18e-22
 5.88830e+21	5.53e-05	1.00e+00	6.77e-22
 6.13645e+21	5.86e-05	1.00e+00	8.68e-22
 6.33892e+21	6.14e-05	1.00e+00	1.06e-21
 6.55228e+21	6.44e-05	1.00e+00	1.31e-21
 6.82964e+21	6.86e-05	1.00e+00	1.73e-21
 7.11101e+21	7.28e-05	1.00e+00	2.23e-21
 7.34458e+21	7.64e-05	1.00e+00	2.76e-21
 7.59521e+21	8.05e-05	1.00e+00	3.48e-21
 7.92103e+21	8.59e-05	1.00e+00	4.67e-21
 8.25000e+21	9.14e-05	1.00e+00	6.14e-21
 8.52124e+21	9.60e-05	1.00e+00	7.68e-21
 8.81202e+21	1.01e-04	1.00e+00	9.83e-21
 9.13739e+21	1.07e-04	1.00e+00	1.28e-20
 9.43875e+21	1.13e-04	1.00e+00	1.62e-20
 9.71598e+21	1.18e-04	1.00e+00	2.01e-20
 1.00308e+22	1.24e-04	1.00e+00	2.58e-20
 1.03805e+22	1.31e-04	1.00e+00	3.40e-20
 1.07042e+22	1.38e-04	1.00e+00	4.30e-20
 1.10059e+22	1.44e-04	1.00e+00	5.36e-20
 1.13502e+22	1.51e-04	1.00e+00	6.93e-20
 1.17277e+22	1.59e-04	1.00e+00	9.05e-20
 1.20683e+22	1.66e-04	1.00e+00	1.15e-19
 1.23795e+22	1.72e-04	1.00e+00	1.42e-19
 1.27323e+22	1.80e-04	1.00e+00	1.84e-19
 1.31167e+22	1.88e-04	1.00e+00	2.39e-19
 1.34583e+22	1.95e-04	1.00e+00	3.01e-19
 1.37658e+22	2.01e-04	1.00e+00	3.74e-19
 1.41128e+22	2.08e-04	1.00e+00	4.82e-19
 1.44876e+22	2.15e-04	1.00e+00	6.28e-19
 1.48149e+22	2.21e-04	1.00e+00	7.95e-19
 1.51037e+22	2.26e-04	1.00e+00	9.87e-19
 1.54260e+22	2.32e-04	1.00e+00	1.27e-18
 1.57515e+22	2.37e-04	1.00e+00	1.67e-18
 1.60108e+22	2.41e-04	1.00e+00	2.08e-18
 1.62404e+22	2.45e-04	1.00e+00	2.61e-18
 1.64588e+22	2.49e-04	1.00e+00	3.21e-18
 1.66602e+22	2.53e-04	1.00e+00	3.98e-18
 1.68827e+22	2.58e-04	1.00e+00	5.26e-18
 1.71189e+22	2.64e-04	1.00e+00	6.99e-18
 1.73207e+22	2.68e-04	1.00e+00	9.29e-18
 1.75310e+22	2.75e-04	1.00e+00	1.29e-17
 1.77577e+22	2.82e-04	1.00e+00	1.89e-17
 1.79606e+22	2.90e-04	1.00e+00	2.75e-17
 1.81793e+22	2.99e-04	1.00e+00	4.27e-17
 1.84160e+22	3.10e-04	1.00e+00	7.01e-17
 1.86259e+22	3.21e-04	1.00e+00	1.11e-16
 1.88179e+22	3.31e-04	1.00e+00	1.67e-16
 1.90372e+22	3.45e-04	1.00e+00	2.74e-16
 1.92794e+22	3.60e-04	1.00e+00	4.84e-16
 1.94903e+22	3.74e-04	1.00e+00	6.46e-16
 1.97031e+22	3.89e-04	1.00e+00	8.56e-16
 1.99798e+22	4.09e-04	1.00e+00	1.13e-15
 2.02832e+22	4.32e-04	1.00e+00	1.42e-15
 2.05716e+22	4.55e-04	1.00e+00	1.72e-15
 2.08669e+22	4.79e-04	1.00e+00	2.07e-15
 2.11951e+22	5.06e-04	9.99e-01	2.52e-15
 2.15596e+22	5.38e-04	9.99e-01	3.08e-15
 2.19567e+22	5.74e-04	9.99e-01	3.80e-15
 2.23885e+22	6.15e-04	9.99e-01	4.74e-15
 2.28696e+22	6.63e-04	9.99e-01	6.00e-15
 2.34274e+22	7.23e-04	9.99e-01	7.83e-15
 2.40092e+22	7.90e-04	9.99e-01	1.02e-14
 2.45619e+22	8.60e-04	9.99e-01	1.31e-14
 2.51884e+22	9.47e-04	9.99e-01	1.74e-14
 2.60028e+22	1.08e-03	9.99e-01	2.50e-14
 2.68514e+22	1.24e-03	9.99e-01	3.68e-14
 2.75740e+22	1.40e-03	9.99e-01	5.15e-14
 2.82379e+22	1.58e-03	9.98e-01	7.11e-14
 2.88475e+22	1.78e-03	9.98e-01	9.65e-14
 2.93128e+22	1.96e-03	9.98e-01	1.23e-13
 2.96504e+22	2.10e-03	9.98e-01	1.48e-13
 3.00004e+22	2.27e-03	9.98e-01	1.80e-13
 3.04554e+22	2.52e-03	9.97e-01	2.32e-13
 3.09080e+22	2.81e-03	9.97e-01	3.05e-13
 3.12318e+22	3.06e-03	9.97e-01	3.75e-13
 3.14724e+22	3.27e-03	9.97e-01	4.39e-13
 3.17305e+22	3.50e-03	9.96e-01	5.21e-13
 3.20660e+22	3.85e-03	9.96e-01	6.55e-13
 3.23987e+22	4.27e-03	9.96e-01	8.32e-13
 3.26386e+22	4.62e-03	9.95e-01	9.97e-13
 3.28219e+22	4.90e-03	9.95e-01	1.14e-12
 3.30212e+22	5.24e-03	9.95e-01	1.34e-12
 3.32802e+22	5.75e-03	9.94e-01	1.66e-12
 3.35378e+22	6.34e-03	9.94e-01	2.06e-12
 3.37244e+22	6.83e-03	9.93e-01	2.45e-12
 3.38683e+22	7.24e-03	9.93e-01	2.78e-12
 3.40256e+22	7.72e-03	9.92e-01	3.21e-12
 3.42301e+22	8.44e-03	9.92e-01	3.93e-12
 3.44349e+22	9.29e-03	9.91e-01	4.83e-12
 3.45857e+22	1.00e-02	9.90e-01	5.68e-12
 3.47031e+22	1.06e-02	9.89e-01	6.43e-12
 3.48318e+22	1.13e-02	9.89e-01	7.40e-12
 3.49991e+22	1.24e-02	9.88e-01	9.01e-12
 3.51677e+22	1.36e-02	9.86e-01	1.11e-11
 3.52938e+22	1.47e-02	9.85e-01	1.31e-11
 3.53937e+22	1.57e-02	9.84e-01	1.50e-11
 3.55038e+22	1.68e-02	9.83e-01	1.73e-11
 3.56469e+22	1.84e-02	9.82e-01	2.10e-11
 3.57924e+22	2.05e-02	9.79e-01	2.65e-11
 3.59036e+22	2.24e-02	9.78e-01	3.15e-11
 3.59938e+22	2.40e-02	9.76e-01	3.66e-11
 3.60940e+22	2.61e-02	9.74e-01	4.34e-11
 3.62243e+22	2.91e-02	9.71e-01	5.49e-11
 3.63568e+22	3.30e-02	9.67e-01	7.07e-11
 3.64566e+22	3.66e-02	9.63e-01	8.79e-11
 3.65332e+22	3.97e-02	9.60e-01	1.04e-10
 3.66153e+22	4.32e-02	9.57e-01	1.24e-10
 3.67219e+22	4.87e-02	9.51e-01	1.58e-10
 3.68315e+22	5.59e-02	9.44e-01	2.11e-10
 3.69157e+22	6.29e-02	9.37e-01	2.68e-10
 3.69820e+22	6.90e-02	9.31e-01	3.24e-10
 3.70541e+22	7.61e-02	9.24e-01	3.97e-10
 3.71327e+22	8.57e-02	9.14e-01	5.08e-10
 3.71993e+22	9.57e-02	9.04e-01	6.38e-10
 3.72519e+22	1.05e-01	8.95e-01	7.69e-10
 3.73067e+22	1.14e-01	8.86e-01	9.26e-10
 3.73683e+22	1.27e-01	8.73e-01	1.16e-09
 3.74236e+22	1.41e-01	8.59e-01	1.45e-09
 3.74686e+22	1.54e-01	8.46e-01	1.75e-09
 3.75094e+22	1.66e-01	8.34e-01	2.05e-09
 3.75561e+22	1.81e-01	8.19e-01	2.44e-09
 3.76169e+22	2.03e-01	7.97e-01	3.12e-09
 3.76758e+22	2.31e-01	7.69e-01	4.09e-09
 3.77164e+22	2.52e-01	7.48e-01	4.93e-09
 3.77478e+22	2.68e-01	7.32e-01	5.64e-09
 3.77754e+22	2.83e-01	7.17e-01	6.33e-09
 3.77989e+22	2.97e-01	7.03e-01	7.03e-09
 3.78216e+22	3.10e-01	6.90e-01	7.69e-09
 3.78461e+22	3.25e-01	6.75e-01	8.57e-09
 3.78721e+22	3.42e-01	6.58e-01	9.57e-09
 3.78973e+22	3.61e-01	6.39e-01	1.07e-08
 3.79212e+22	3.79e-01	6.21e-01	1.19e-08
 3.79445e+22	3.97e-01	6.03e-01	1.31e-08
 3.79687e+22	4.16e-01	5.84e-01	1.45e-08
 3.79943e+22	4.37e-01	5.63e-01	1.62e-08
 3.80202e+22	4.60e-01	5.40e-01	1.80e-08
 3.80459e+22	4.83e-01	5.17e-01	1.98e-08
 3.80713e+22	5.06e-01	4.94e-01	2.18e-08
 3.80963e+22	5.29e-01	4.71e-01	2.39e-08
 3.81156e+22	5.48e-01	4.52e-01	2.55e-08
 3.81275e+22	5.57e-01	4.43e-01	2.65e-08
 3.81386e+22	5.66e-01	4.34e-01	2.73e-08
 3.81531e+22	5.78e-01	4.22e-01	2.85e-08
 3.81696e+22	5.94e-01	4.06e-01	3.00e-08
 3.81844e+22	6.08e-01	3.92e-01	3.12e-08
 3.81969e+22	6.19e-01	3.81e-01	3.24e-08
 3.82091e+22	6.29e-01	3.71e-01	3.33e-08
 3.82229e+22	6.41e-01	3.59e-01	3.45e-08
 3.82378e+22	6.55e-01	3.45e-01	3.57e-08
 3.82513e+22	6.68e-01	3.32e-01	3.69e-08
 3.82630e+22	6.78e-01	3.22e-01	3.77e-08
 3.82751e+22	6.87e-01	3.13e-01	3.86e-08
 3.82890e+22	6.99e-01	3.01e-01	3.96e-08
 3.83031e+22	7.12e-01	2.88e-01	4.06e-08
 3.83154e+22	7.22e-01	2.78e-01	4.13e-08
 3.83268e+22	7.31e-01	2.69e-01	4.20e-08
 3.83393e+22	7.41e-01	2.59e-01	4.27e-08
 3.83528e+22	7.52e-01	2.48e-01	4.34e-08
 3.83658e+22	7.62e-01	2.38e-01	4.38e-08
 3.83778e+22	7.70e-01	2.30e-01	4.43e-08
 3.83897e+22	7.79e-01	2.21e-01	4.47e-08
 3.84025e+22	7.87e-01	2.13e-01	4.50e-08
 3.84156e+22	7.96e-01	2.04e-01	4.53e-08
 3.84284e+22	8.05e-01	1.95e-01	4.55e-08
 3.84405e+22	8.13e-01	1.87e-01	4.56e-08
 3.84526e+22	8.20e-01	1.80e-01	4.57e-08
 3.84654e+22	8.27e-01	1.73e-01	4.57e-08
 3.84785e+22	8.35e-01	1.65e-01	4.56e-08
 3.84908e+22	8.41e-01	1.59e-01	4.54e-08
 3.85025e+22	8.47e-01	1.53e-01	4.52e-08
 3.85147e+22	8.53e-01	1.47e-01	4.49e-08
 3.85274e+22	8.59e-01	1.41e-01	4.46e-08
 3.85400e+22	8.64e-01	1.36e-01	4.42e-08
 3.85519e+22	8.69e-01	1.31e-01	4.38e-08
 3.85638e+22	8.74e-01	1.26e-01	4.33e-08
 3.85764e+22	8.78e-01	1.22e-01	4.29e-08
 3.85894e+22	8.83e-01	1.17e-01	4.23e-08
 3.86020e+22	8.87e-01	1.13e-01	4.17e-08
 3.86144e+22	8.91e-01	1.09e-01	4.12e-08
 3.86274e+22	8.95e-01	1.05e-01	4.06e-08
 3.86411e+22	8.98e-01	1.02e-01	3.99e-08
 3.86551e+22	9.02e-01	9.81e-02	3.93e-08
 3.86689e+22	9.05e-01	9.50e-02	3.86e-08
 3.86827e+22	9.08e-01	9.21e-02	3.79e-08
 3.86967e+22	9.11e-01	8.95e-02	3.71e-08
 3.87102e+22	9.13e-01	8.71e-02	3.63e-08
 3.87235e+22	9.15e-01	8.50e-02	3.56e-08
 3.87362e+22	9.17e-01	8.32e-02	3.49e-08
 3.87492e+22	9.19e-01	8.15e-02	3.42e-08
 3.87628e+22	9.20e-01	7.98e-02	3.36e-08
 3.87770e+22	9.22e-01	7.80e-02	3.29e-08
 3.87918e+22	9.24e-01	7.64e-02	3.23e-08
 3.88070e+22	9.25e-01	7.49e-02	3.16e-08
 3.88220e+22	9.26e-01	7.36e-02	3.09e-08
 3.88379e+22	9.28e-01	7.24e-02	3.01e-08
 3.88552e+22	9.29e-01	7.11e-02	2.94e-08
 3.88733e+22	9.30e-01	6.99e-02	2.88e-08
 3.88933e+22	9.31e-01	6.88e-02	2.81e-08
 3.89153e+22	9.32e-01	6.76e-02	2.75e-08
 3.89390e+22	9.33e-01	6.66e-02	2.69e-08
 3.89659e+22	9.34e-01	6.56e-02	2.63e-08
 3.89968e+22	9.35e-01	6.45e-02	2.58e-08
 3.90277e+22	9.36e-01	6.38e-02	2.53e-08
 3.90558e+22	9.37e-01	6.34e-02	2.51e-08
 3.90866e+22	9.37e-01	6.29e-02	2.47e-08
 3.91199e+22	9.38e-01	6.23e-02	2.45e-08
 3.91564e+22	9.38e-01	6.17e-02	2.42e-08
 3.91958e+22	9.39e-01	6.12e-02	2.41e-08
 3.92389e+22	9.39e-01	6.07e-02	2.39e-08
 3.92950e+22	9.40e-01	5.98e-02	2.35e-08
 3.93556e+22	9.41e-01	5.94e-02	2.34e-08
 3.94219e+22	9.41e-01	5.88e-02	2.32e-08
 3.94935e+22	9.42e-01	5.82e-02	2.30e-08
 3.95720e+22	9.42e-01	5.76e-02	2.28e-08
 3.96568e+22	9.43e-01	5.69e-02	2.26e-08
 3.97496e+22	9.44e-01	5.62e-02	2.23e-08
 3.98499e+22	9.44e-01	5.56e-02	2.21e-08
 3.99411e+22	9.45e-01	5.50e-02	2.19e-08
 4.00411e+22	9.46e-01	5.42e-02	2.16e-08
 4.01490e+22	9.46e-01	5.35e-02	2.14e-08
 4.02472e+22	9.47e-01	5.30e-02	2.12e-08
 4.03548e+22	9.48e-01	5.22e-02	2.09e-08
 4.04710e+22	9.48e-01	5.15e-02	2.07e-08
 4.05767e+22	9.49e-01	5.11e-02	2.05e-08
 4.06926e+22	9.50e-01	5.03e-02	2.02e-08
 4.08177e+22	9.50e-01	4.97e-02	2.01e-08
 4.09315e+22	9.51e-01	4.92e-02	1.99e-08
 4.10562e+22	9.52e-01	4.84e-02	1.96e-08
 4.11908e+22	9.52e-01	4.78e-02	1.94e-08
 4.13134e+22	9.53e-01	4.73e-02	1.93e-08
 4.14476e+22	9.53e-01	4.65e-02	1.90e-08
 4.15926e+22	9.54e-01	4.59e-02	1.88e-08
 4.17245e+22	9.55e-01	4.53e-02	1.86e-08
 4.18690e+22	9.55e-01	4.46e-02	1.83e-08
 4.20251e+22	9.56e-01	4.39e-02	1.80e-08
 4.21671e+22	9.57e-01	4.33e-02	1.78e-08
 4.22963e+22	9.57e-01	4.28e-02	1.77e-08
 4.24139e+22	9.58e-01	4.23e-02	1.75e-08
 4.25427e+22	9.58e-01	4.16e-02	1.72e-08
 4.26818e+22	9.59e-01	4.11e-02	1.70e-08
 4.28084e+22	9.59e-01	4.06e-02	1.69e-08
 4.29471e+22	9.60e-01	3.99e-02	1.66e-08
 4.30969e+22	9.61e-01	3.94e-02	1.63e-08
 4.32332e+22	9.61e-01	3.89e-02	1.62e-08
 4.33825e+22	9.62e-01	3.82e-02	1.58e-08
 4.35437e+22	9.62e-01	3.77e-02	1.56e-08
 4.36904e+22	9.63e-01	3.72e-02	1.54e-08
 4.38239e+22	9.63e-01	3.68e-02	1.52e-08
 4.39702e+22	9.64e-01	3.62e-02	1.48e-08
 4.41281e+22	9.64e-01	3.57e-02	1.46e-08
 4.42718e+22	9.65e-01	3.53e-02	1.45e-08
 4.44293e+22	9.65e-01	3.47e-02	1.42e-08
 4.45993e+22	9.66e-01	3.42e-02	1.40e-08
 4.47541e+22	9.66e-01	3.39e-02	1.39e-08
 4.49236e+22	9.67e-01	3.33e-02	1.37e-08
 4.51066e+22	9.67e-01	3.28e-02	1.35e-08
 4.52732e+22	9.68e-01	3.24e-02	1.33e-08
 4.54557e+22	9.68e-01	3.19e-02	1.31e-08
 4.56527e+22	9.69e-01	3.14e-02	1.29e-08
 4.58320e+22	9.69e-01	3.10e-02	1.28e-08
 4.60285e+22	9.70e-01	3.05e-02	1.26e-08
 4.62406e+22	9.70e-01	3.00e-02	1.24e-08
 4.64337e+22	9.70e-01	2.96e-02	1.23e-08
 4.66093e+22	9.71e-01	2.92e-02	1.22e-08
 4.68018e+22	9.71e-01	2.88e-02	1.20e-08
 4.70096e+22	9.72e-01	2.84e-02	1.18e-08
 4.71987e+22	9.72e-01	2.80e-02	1.17e-08
 4.74059e+22	9.72e-01	2.75e-02	1.15e-08
 4.76296e+22	9.73e-01	2.71e-02	1.14e-08
 4.78332e+22	9.73e-01	2.68e-02	1.13e-08
 4.80562e+22	9.74e-01	2.63e-02	1.11e-08
 4.82971e+22	9.74e-01	2.59e-02	1.10e-08
 4.85162e+22	9.74e-01	2.55e-02	1.09e-08
 4.87156e+22	9.75e-01	2.52e-02	1.08e-08
 4.89342e+22	9.75e-01	2.48e-02	1.07e-08
 4.91701e+22	9.76e-01	2.44e-02	1.06e-08
 4.93848e+22	9.76e-01	2.42e-02	1.05e-08
 4.96200e+22	9.76e-01	2.37e-02	1.04e-08
 4.98740e+22	9.77e-01	2.34e-02	1.03e-08
 5.01051e+22	9.77e-01	2.31e-02	1.02e-08
 5.03584e+22	9.77e-01	2.27e-02	1.01e-08
 5.06318e+22	9.78e-01	2.23e-02	1.00e-08
 5.08806e+22	9.78e-01	2.20e-02	9.97e-09
 5.11532e+22	9.78e-01	2.16e-02	9.86e-09
 5.14475e+22	9.79e-01	2.13e-02	9.78e-09
 5.17154e+22	9.79e-01	2.09e-02	9.70e-09
 5.19591e+22	9.79e-01	2.07e-02	9.68e-09
 5.22262e+22	9.80e-01	2.04e-02	9.58e-09
 5.25145e+22	9.80e-01	2.01e-02	9.52e-09
 5.28305e+22	9.80e-01	1.97e-02	9.42e-09
 5.31716e+22	9.81e-01	1.93e-02	9.36e-09
 5.34820e+22	9.81e-01	1.91e-02	9.31e-09
 5.38222e+22	9.81e-01	1.87e-02	9.23e-09
 5.41894e+22	9.82e-01	1.84e-02	9.17e-09
 5.45235e+22	9.82e-01	1.81e-02	9.13e-09
 5.48276e+22	9.82e-01	1.78e-02	9.09e-09
 5.51609e+22	9.83e-01	1.75e-02	9.02e-09
 5.55206e+22	9.83e-01	1.72e-02	8.97e-09
 5.58480e+22	9.83e-01	1.70e-02	8.93e-09
 5.62067e+22	9.83e-01	1.66e-02	8.87e-09
 5.65939e+22	9.84e-01	1.64e-02	8.83e-09
 5.69464e+22	9.84e-01	1.61e-02	8.79e-09
 5.73325e+22	9.84e-01	1.58e-02	8.73e-09
 5.77494e+22	9.84e-01	1.56e-02	8.70e-09
 5.81288e+22	9.85e-01	1.53e-02	8.67e-09
 5.85446e+22	9.85e-01	1.50e-02	8.61e-09
 5.89934e+22	9.85e-01	1.47e-02	8.58e-09
 5.94018e+22	9.85e-01	1.45e-02	8.55e-09
 5.97734e+22	9.86e-01	1.43e-02	8.53e-09
 6.01807e+22	9.86e-01	1.40e-02	8.49e-09
 6.06204e+22	9.86e-01	1.38e-02	8.46e-09
 6.10205e+22	9.86e-01	1.36e-02	8.44e-09
 6.14589e+22	9.87e-01	1.34e-02	8.41e-09
 6.19322e+22	9.87e-01	1.31e-02	8.39e-09
 6.23630e+22	9.87e-01	1.29e-02	8.38e-09
 6.28349e+22	9.87e-01	1.27e-02	8.36e-09
 6.33445e+22	9.88e-01	1.25e-02	8.33e-09
 6.38082e+22	9.88e-01	1.23e-02	8.32e-09
 6.43163e+22	9.88e-01	1.20e-02	8.31e-09
 6.48648e+22	9.88e-01	1.18e-02	8.28e-09
 6.53640e+22	9.88e-01	1.16e-02	8.27e-09
 6.59110e+22	9.89e-01	1.14e-02	8.26e-09
 6.65015e+22	9.89e-01	1.12e-02	8.24e-09
 6.71486e+22	9.89e-01	1.09e-02	8.22e-09
 6.79340e+22	9.89e-01	1.07e-02	8.20e-09
 6.87644e+22	9.90e-01	1.04e-02	8.19e-09
 6.96141e+22	9.90e-01	1.01e-02	8.17e-09
 7.05036e+22	9.90e-01	9.84e-03	8.16e-09
 7.14163e+22	9.90e-01	9.58e-03	8.16e-09
 7.23556e+22	9.91e-01	9.33e-03	8.15e-09
 7.33215e+22	9.91e-01	9.07e-03	8.14e-09
 7.43119e+22	9.91e-01	8.83e-03	8.14e-09
 7.53287e+22	9.91e-01	8.58e-03	8.13e-09
 7.63744e+22	9.92e-01	8.35e-03	8.13e-09
 7.74486e+22	9.92e-01	8.12e-03	8.13e-09
 7.85487e+22	9.92e-01	7.89e-03	8.13e-09
 7.96808e+22	9.92e-01	7.67e-03	8.13e-09
 8.08452e+22	9.93e-01	7.45e-03	8.13e-09
 8.20305e+22	9.93e-01	7.24e-03	8.14e-09
 8.32474e+22	9.93e-01	7.04e-03	8.14e-09
 8.45044e+22	9.93e-01	6.84e-03	8.15e-09
 8.57949e+22	9.93e-01	6.65e-03	8.15e-09
 8.71218e+22	9.94e-01	6.46e-03	8.16e-09
 8.84883e+22	9.94e-01	6.27e-03	8.17e-09
 8.98928e+22	9.94e-01	6.09e-03	8.18e-09
 9.13353e+22	9.94e-01	5.91e-03	8.19e-09
 9.28226e+22	9.94e-01	5.74e-03	8.20e-09
 9.43644e+22	9.94e-01	5.57e-03	8.21e-09
 9.59756e+22	9.95e-01	5.40e-03	8.23e-09
 9.76546e+22	9.95e-01	5.24e-03	8.25e-09
 9.93890e+22	9.95e-01	5.08e-03	8.28e-09
 1.01184e+23	9.95e-01	4.93e-03	8.31e-09
 1.03047e+23	9.95e-01	4.77e-03	8.34e-09
 1.04974e+23	9.95e-01	4.63e-03	8.37e-09
 1.06977e+23	9.96e-01	4.48e-03	8.41e-09
 1.09067e+23	9.96e-01	4.34e-03	8.45e-09
 1.11249e+23	9.96e-01	4.20e-03	8.49e-09
 1.13538e+23	9.96e-01	4.07e-03	8.54e-09
 1.15958e+23	9.96e-01	3.94e-03	8.58e-09
 1.18517e+23	9.96e-01	3.80e-03	8.63e-09
 1.21197e+23	9.96e-01	3.68e-03	8.68e-09
 1.24015e+23	9.96e-01	3.55e-03	8.74e-09
 1.26986e+23	9.97e-01	3.43e-03	8.79e-09
 1.30115e+23	9.97e-01	3.31e-03	8.85e-09
 1.33427e+23	9.97e-01	3.19e-03	8.91e-09
 1.36960e+23	9.97e-01	3.08e-03	8.98e-09
 1.40742e+23	9.97e-01	2.97e-03	9.04e-09
 1.44791e+23	9.97e-01	2.86e-03	9.11e-09
 1.49133e+23	9.97e-01	2.75e-03	9.19e-09
 1.53791e+23	9.97e-01	2.65e-03	9.26e-09
 1.58826e+23	9.97e-01	2.54e-03	9.34e-09
 1.64200e+23	9.98e-01	2.45e-03	9.42e-09
 1.69768e+23	9.98e-01	2.35e-03	9.50e-09
 1.75477e+23	9.98e-01	2.27e-03	9.57e-09
 1.81358e+23	9.98e-01	2.19e-03	9.65e-09
 1.87448e+23	9.98e-01	2.12e-03	9.72e-09
 1.93738e+23	9.98e-01	2.05e-03	9.78e-09
 2.00215e+23	9.98e-01	1.99e-03	9.84e-09
 2.06890e+23	9.98e-01	1.93e-03	9.90e-09
 2.13785e+23	9.98e-01	1.88e-03	9.95e-09
 2.20882e+23	9.98e-01	1.83e-03	9.99e-09
 2.28182e+23	9.98e-01	1.79e-03	1.00e-08
 2.35568e+23	9.98e-01	1.75e-03	1.01e-08
 2.42559e+23	9.98e-01	1.71e-03	1.01e-08
 2.48852e+23	9.98e-01	1.68e-03	1.01e-08
 2.54515e+23	9.98e-01	1.66e-03	1.01e-08
 2.59611e+23	9.98e-01	1.64e-03	1.01e-08
 2.64198e+23	9.98e-01	1.63e-03	1.01e-08
 2.68327e+23	9.98e-01	1.62e-03	1.01e-08
 2.72042e+23	9.98e-01	1.60e-03	1.01e-08
 2.75386e+23	9.98e-01	1.60e-03	1.01e-08
 2.78497e+23	9.98e-01	1.59e-03	1.01e-08
 2.81552e+23	9.98e-01	1.58e-03	1.01e-08
 2.84607e+23	9.98e-01	1.57e-03	1.01e-08
 2.87662e+23	9.98e-01	1.57e-03	1.01e-08
 2.90717e+23	9.98e-01	1.56e-03	1.01e-08
 2.93772e+23	9.98e-01	1.56e-03	1.01e-08
 2.96826e+23	9.98e-01	1.55e-03	1.01e-08
 2.99881e+23	9.98e-01	1.55e-03	1.01e-08
 3.02936e+23	9.98e-01	1.54e-03	1.01e-08
 3.04973e+23	9.98e-01	1.54e-03	1.01e-08
